4023	2.44730942801e-06
4020	2.44730942801e-06
4021	4.89461885603e-06
21631	2.44730942801e-06
5989	2.44730942801e-06
592	2.44730942801e-05
12862	2.44730942801e-06
7840	4.89461885603e-06
344	3.42623319922e-05
345	1.22365471401e-05
346	3.42623319922e-05
347	2.20257848521e-05
340	9.78923771206e-06
341	2.44730942801e-05
342	2.69204037082e-05
343	1.71311659961e-05
21634	2.44730942801e-06
348	4.64988791323e-05
349	0.000100339686549
19375	2.44730942801e-06
4732	2.44730942801e-06
2318	3.91569508482e-05
13604	2.44730942801e-06
12864	2.44730942801e-06
2317	4.89461885603e-06
2315	2.93677131362e-05
2312	4.16042602763e-05
2313	2.93677131362e-05
6798	2.44730942801e-05
6799	2.44730942801e-05
21461	2.44730942801e-06
298	2.20257848521e-05
299	2.20257848521e-05
296	7.34192828404e-05
297	3.67096414202e-05
294	2.20257848521e-05
295	6.60773545564e-05
292	2.20257848521e-05
293	3.18150225642e-05
290	0.000193337444813
291	0.0511047154758
270	6.85246639844e-05
271	7.34192828404e-05
272	9.29977582646e-05
273	8.32085205525e-05
274	0.000137049327969
275	0.000455199553611
276	0.000298571750218
4652	4.89461885603e-06
278	0.000550644621303
279	0.000215363229665
11957	2.44730942801e-06
2268	2.44730942801e-06
2269	9.78923771206e-06
11762	4.89461885603e-06
599	5.87354262724e-05
11767	2.44730942801e-06
11765	2.44730942801e-06
9252	2.44730942801e-06
47	0.0171996906601
108	0.000416042602763
109	0.00655634195765
8200	2.44730942801e-06
102	0.000675457402132
103	0.00028388789365
100	0.000364649104774
101	0.000474778029035
106	0.000457646863039
107	0.00187219171243
104	0.000337728701066
105	0.000305913678502
4810	2.44730942801e-06
2041	2.44730942801e-06
2048	2.44730942801e-06
9410	2.44730942801e-06
11940	2.44730942801e-06
11941	4.89461885603e-06
9322	7.34192828404e-06
9323	4.89461885603e-06
9320	7.34192828404e-06
9326	2.44730942801e-06
9324	2.44730942801e-06
9325	4.89461885603e-06
8945	2.44730942801e-06
8948	2.44730942801e-06
14621	2.44730942801e-06
99	0.00139986099282
98	0.00136804597026
91	0.000978923771206
90	0.000597143500436
93	0.00292208745705
92	0.000648536998424
95	0.000535960764735
94	0.000792928254677
97	0.000584906953296
96	0.000364649104774
1623	2.44730942801e-06
1990	2.44730942801e-06
21437	2.44730942801e-06
1620	0.000188442825957
5187	4.89461885603e-06
1624	2.44730942801e-06
1629	4.89461885603e-06
1628	2.44730942801e-06
8836	2.44730942801e-06
3696	4.89461885603e-06
559	1.71311659961e-05
558	2.44730942801e-05
555	2.20257848521e-05
554	1.71311659961e-05
557	1.71311659961e-05
556	3.67096414202e-05
551	1.22365471401e-05
550	9.78923771206e-06
553	4.89461885603e-05
552	3.18150225642e-05
14244	2.44730942801e-06
14242	2.44730942801e-06
1438	2.44730942801e-06
20259	2.44730942801e-06
3342	2.44730942801e-06
7075	4.89461885603e-06
7076	4.89461885603e-06
3341	2.44730942801e-06
1195	2.44730942801e-06
1196	2.44730942801e-06
14394	2.44730942801e-06
14395	2.44730942801e-06
14396	2.44730942801e-06
14397	2.44730942801e-06
1759	2.44730942801e-06
1758	2.44730942801e-06
1757	2.44730942801e-06
1756	4.89461885603e-06
1755	2.44730942801e-06
1754	4.89461885603e-06
1753	2.44730942801e-06
1752	7.34192828404e-06
1751	2.44730942801e-06
1750	2.44730942801e-06
4258	2.44730942801e-06
1175	7.34192828404e-06
1174	2.44730942801e-06
1173	2.44730942801e-06
1172	7.34192828404e-06
4251	2.44730942801e-06
4252	2.44730942801e-06
1179	2.44730942801e-06
5533	2.44730942801e-06
5536	4.89461885603e-06
5535	7.34192828404e-06
8720	2.44730942801e-06
513	7.34192828404e-06
1285	2.44730942801e-06
1284	2.44730942801e-06
1287	2.44730942801e-06
1286	4.89461885603e-06
14408	4.89461885603e-06
11169	2.44730942801e-06
1283	2.44730942801e-06
1282	2.44730942801e-06
14404	2.44730942801e-06
14405	2.44730942801e-06
11166	2.44730942801e-06
11160	7.34192828404e-06
14401	2.44730942801e-06
14402	2.44730942801e-06
11163	2.44730942801e-06
7188	4.89461885603e-06
1579	2.44730942801e-06
1578	2.44730942801e-06
688	4.89461885603e-06
685	4.89461885603e-06
684	2.44730942801e-06
687	1.46838565681e-05
1000	2.44730942801e-06
681	7.34192828404e-06
1576	2.44730942801e-06
7186	9.78923771206e-06
13836	2.44730942801e-06
819	4.89461885603e-06
13833	2.44730942801e-06
8384	4.89461885603e-06
8383	2.44730942801e-06
1225	2.44730942801e-06
12832	2.44730942801e-06
12834	4.89461885603e-06
15284	2.44730942801e-06
9109	7.34192828404e-06
988	2.44730942801e-06
6570	2.44730942801e-06
6571	4.89461885603e-06
7452	2.44730942801e-06
8507	2.44730942801e-06
5629	2.44730942801e-06
624	4.89461885603e-06
4387	2.44730942801e-06
4590	2.44730942801e-06
4385	2.44730942801e-06
8493	2.44730942801e-06
1370	2.44730942801e-06
1373	7.34192828404e-06
1372	4.89461885603e-06
403	5.13934979883e-05
1374	2.93677131362e-05
401	2.69204037082e-05
400	1.22365471401e-05
1379	2.44730942801e-06
8499	2.44730942801e-06
409	1.95784754241e-05
408	2.69204037082e-05
3835	2.44730942801e-06
3837	2.44730942801e-06
4595	2.44730942801e-06
1345	2.44730942801e-06
4033	2.44730942801e-06
5990	4.89461885603e-06
11579	2.44730942801e-06
5992	2.44730942801e-06
1347	4.89461885603e-06
379	4.89461885603e-06
378	1.22365471401e-05
371	1.22365471401e-05
370	3.67096414202e-05
373	1.22365471401e-05
372	2.20257848521e-05
375	9.78923771206e-06
374	9.78923771206e-06
377	4.89461885603e-06
376	1.95784754241e-05
393	9.78923771206e-06
392	1.46838565681e-05
6141	2.44730942801e-06
390	2.69204037082e-05
397	9.78923771206e-06
396	0.000149285875109
395	3.42623319922e-05
394	1.46838565681e-05
399	3.42623319922e-05
398	1.71311659961e-05
2309	2.44730942801e-06
2308	2.44730942801e-06
10972	2.44730942801e-06
13618	2.44730942801e-06
2301	2.44730942801e-06
2302	2.44730942801e-06
4721	2.44730942801e-06
16064	2.44730942801e-06
11288	4.89461885603e-06
4340	2.44730942801e-06
21112	4.89461885603e-06
21117	2.44730942801e-06
21115	4.89461885603e-06
7713	2.44730942801e-06
245	8.07612111245e-05
244	9.05504488365e-05
247	0.000139496637397
246	8.56558299805e-05
241	0.000227599776805
240	0.000242283633373
243	0.000173758969389
242	5.87354262724e-05
4628	2.44730942801e-06
249	0.000364649104774
248	0.00033283408221
2274	2.44730942801e-06
11755	2.44730942801e-06
2271	4.89461885603e-06
2273	4.89461885603e-06
2272	2.44730942801e-06
2278	2.44730942801e-06
11759	2.44730942801e-06
11594	7.34192828404e-06
11597	7.34192828404e-06
11596	2.44730942801e-06
11590	2.44730942801e-06
179	0.000467436100751
178	0.000570223096727
177	0.00098626569949
176	0.00140965023054
175	0.000731745518976
174	0.000658326236136
173	0.0010572376729
172	0.000890820631797
171	0.00110618386146
170	0.000680352020988
3699	2.44730942801e-06
1111	4.89461885603e-06
13445	2.44730942801e-06
3693	2.44730942801e-06
3695	2.44730942801e-06
13443	4.89461885603e-06
195	0.000447857625327
9401	2.44730942801e-06
7983	2.44730942801e-06
9407	2.44730942801e-06
9406	2.44730942801e-06
9405	2.44730942801e-06
7987	4.89461885603e-06
652	7.34192828404e-06
9409	4.89461885603e-06
9408	2.44730942801e-06
12137	2.44730942801e-06
653	4.89461885603e-06
10400	4.89461885603e-06
10401	4.89461885603e-06
9336	2.44730942801e-06
20648	2.44730942801e-06
10398	9.78923771206e-06
10399	2.44730942801e-06
20647	2.44730942801e-06
192	0.000205573991953
4655	4.89461885603e-06
14899	2.44730942801e-06
21733	2.44730942801e-06
4657	3.42623319922e-05
12224	4.89461885603e-06
4656	3.42623319922e-05
12223	2.44730942801e-06
12221	4.89461885603e-06
659	4.89461885603e-06
10719	2.44730942801e-06
13541	2.44730942801e-06
13542	2.44730942801e-06
277	0.00034507062935
1362	4.89461885603e-06
9759	2.44730942801e-06
1969	2.44730942801e-06
1618	4.89461885603e-06
1619	4.89461885603e-06
10084	2.44730942801e-06
10085	2.44730942801e-06
10086	2.44730942801e-06
1615	4.89461885603e-06
1612	1.46838565681e-05
1613	1.22365471401e-05
10082	2.44730942801e-06
13264	7.34192828404e-06
13267	4.89461885603e-06
13266	2.44730942801e-06
13261	2.44730942801e-06
14273	7.34192828404e-06
14271	2.44730942801e-06
14274	2.44730942801e-06
7664	2.44730942801e-06
7069	2.44730942801e-06
20069	2.44730942801e-06
1763	2.44730942801e-06
1766	2.44730942801e-06
1765	2.44730942801e-06
12480	2.44730942801e-06
768	7.34192828404e-06
13804	2.44730942801e-06
336	1.71311659961e-05
693	4.89461885603e-06
690	2.44730942801e-06
1545	4.89461885603e-06
1543	6.36300451284e-05
694	2.44730942801e-06
695	2.44730942801e-06
698	2.44730942801e-06
11112	2.44730942801e-06
11114	2.44730942801e-06
1549	4.89461885603e-06
542	1.46838565681e-05
543	7.34192828404e-06
540	9.78923771206e-06
7198	2.44730942801e-06
546	2.44730942801e-05
547	9.78923771206e-06
544	4.89461885603e-06
545	2.44730942801e-06
548	4.89461885603e-06
549	9.78923771206e-06
13841	2.44730942801e-06
11	0.0120946031932
13842	2.44730942801e-06
13845	2.44730942801e-06
13844	2.44730942801e-06
13846	2.44730942801e-06
766	9.78923771206e-06
2968	4.89461885603e-06
12	0.0113261480329
1787	2.44730942801e-06
14	0.00899141483853
11024	4.89461885603e-06
14501	2.44730942801e-06
7444	2.44730942801e-06
414	4.89461885603e-06
415	7.34192828404e-06
416	9.78923771206e-06
417	9.54450676926e-05
410	1.71311659961e-05
7682	2.44730942801e-06
412	2.44730942801e-06
413	1.22365471401e-05
1384	2.44730942801e-06
1257	2.44730942801e-06
418	4.89461885603e-06
419	4.89461885603e-06
7689	2.44730942801e-06
4532	2.44730942801e-06
809	3.18150225642e-05
8440	2.44730942801e-06
20279	9.29977582646e-05
4289	2.44730942801e-06
11360	2.44730942801e-06
19261	2.44730942801e-06
368	1.71311659961e-05
369	9.78923771206e-06
366	2.44730942801e-05
367	1.22365471401e-05
364	1.95784754241e-05
365	1.22365471401e-05
362	1.95784754241e-05
363	7.34192828404e-06
360	3.18150225642e-05
361	1.22365471401e-05
16653	2.44730942801e-06
380	7.34192828404e-06
381	2.44730942801e-05
382	2.20257848521e-05
383	2.44730942801e-06
384	4.89461885603e-06
385	2.44730942801e-06
386	3.67096414202e-05
387	1.46838565681e-05
388	7.34192828404e-06
389	4.89461885603e-06
19283	7.34192828404e-06
13666	4.89461885603e-06
11298	4.89461885603e-06
9961	4.89461885603e-06
9963	1.22365471401e-05
11290	2.44730942801e-06
11291	4.89461885603e-06
11297	2.44730942801e-06
21128	4.89461885603e-06
21127	2.44730942801e-06
21125	2.44730942801e-06
21121	2.44730942801e-06
3756	2.44730942801e-06
2191	2.44730942801e-06
258	0.000178653588245
4630	4.89461885603e-06
4634	2.44730942801e-06
252	8.81031394085e-05
253	9.29977582646e-05
250	0.000168864350533
251	0.000134602018541
256	0.000132154709113
257	9.54450676926e-05
254	0.000105234305405
255	0.000124812780829
11740	2.44730942801e-06
11741	2.44730942801e-06
12039	2.44730942801e-06
12038	4.89461885603e-06
2207	2.44730942801e-06
12030	2.44730942801e-06
12037	4.89461885603e-06
902	2.44730942801e-06
9509	2.44730942801e-06
39	0.00548442042818
21387	2.44730942801e-06
21639	2.44730942801e-06
901	2.44730942801e-06
168	0.00121876009515
169	0.000905504488365
164	0.00145370180024
165	0.000743982066117
166	0.000548197311875
167	0.00100094955606
160	0.00032059753507
161	0.000748876684973
162	0.000966687224066
163	0.00104010650691
13650	2.44730942801e-06
3689	4.89461885603e-06
3683	4.89461885603e-06
905	4.89461885603e-06
3686	7.34192828404e-06
3685	7.34192828404e-06
7990	4.89461885603e-06
7997	1.22365471401e-05
7996	4.89461885603e-06
7995	2.44730942801e-06
7994	2.44730942801e-06
13654	2.44730942801e-06
7999	2.44730942801e-06
11630	2.44730942801e-06
2735	2.44730942801e-06
5299	2.44730942801e-06
13184	2.44730942801e-06
21256	2.44730942801e-06
13659	2.44730942801e-06
3539	2.44730942801e-06
1090	2.44730942801e-06
609	4.89461885603e-06
1091	9.78923771206e-06
7209	2.44730942801e-06
7208	2.44730942801e-06
1810	2.44730942801e-06
8140	7.34192828404e-06
1099	9.78923771206e-06
1609	4.89461885603e-06
7336	2.44730942801e-06
13075	2.44730942801e-06
1977	2.44730942801e-06
1607	4.89461885603e-06
8859	2.44730942801e-06
808	2.44730942801e-06
11960	2.44730942801e-06
11961	2.44730942801e-06
11962	9.78923771206e-06
803	9.78923771206e-06
802	4.89461885603e-06
801	9.78923771206e-06
800	4.89461885603e-06
807	1.46838565681e-05
806	2.44730942801e-05
805	7.34192828404e-06
804	7.58665922685e-05
2840	2.44730942801e-06
20273	4.89461885603e-06
3324	4.89461885603e-06
20278	7.83139016965e-05
14265	2.44730942801e-06
5478	2.44730942801e-06
14263	2.44730942801e-06
1774	2.44730942801e-06
9895	2.20257848521e-05
9890	2.44730942801e-06
1159	2.44730942801e-06
6995	2.44730942801e-06
8143	4.89461885603e-06
8142	2.44730942801e-06
5519	4.89461885603e-06
15115	2.44730942801e-06
118	0.000188442825957
1552	2.44730942801e-06
59	0.00915783187963
58	0.0036342545006
55	0.0237021918103
11103	2.44730942801e-06
57	0.00515648096483
56	0.0129120045422
51	0.000521276908167
50	0.000978923771206
53	0.00092508296379
52	0.000589801572152
536	2.44730942801e-06
8701	2.44730942801e-06
534	4.89461885603e-06
533	4.89461885603e-06
532	4.89461885603e-06
531	1.22365471401e-05
54	0.000572670406155
8708	2.44730942801e-06
11100	7.34192828404e-06
539	1.22365471401e-05
538	9.78923771206e-06
11101	2.44730942801e-06
1558	2.44730942801e-06
9993	2.44730942801e-06
9995	2.44730942801e-06
10024	2.44730942801e-06
11034	2.44730942801e-06
14515	2.44730942801e-06
11032	4.89461885603e-06
11031	2.44730942801e-06
535	9.78923771206e-06
429	1.46838565681e-05
428	1.71311659961e-05
1399	2.44730942801e-06
421	2.44730942801e-06
420	4.89461885603e-06
423	3.91569508482e-05
1394	2.44730942801e-06
425	7.34192828404e-06
1392	2.44730942801e-06
427	2.44730942801e-06
426	9.78923771206e-06
4648	4.89461885603e-06
530	2.44730942801e-05
1367	2.44730942801e-06
850	9.78923771206e-06
12457	2.44730942801e-06
12450	2.44730942801e-06
11768	2.44730942801e-06
853	2.44730942801e-06
11354	2.44730942801e-06
7542	2.44730942801e-06
7545	2.44730942801e-06
7546	2.44730942801e-06
11769	2.44730942801e-06
4748	4.89461885603e-06
10994	2.44730942801e-06
4740	2.44730942801e-06
4747	2.44730942801e-06
10993	2.44730942801e-06
10990	2.44730942801e-06
4744	2.44730942801e-06
21139	1.46838565681e-05
17355	2.44730942801e-06
21131	2.44730942801e-06
21132	9.78923771206e-06
11412	2.44730942801e-06
21137	2.44730942801e-06
12024	7.34192828404e-06
12026	2.44730942801e-06
12027	4.89461885603e-06
12020	2.44730942801e-06
229	0.000161522422249
228	0.000151733184537
227	0.000107681614833
226	0.000112576233689
225	0.000117470852545
224	0.000110128924261
223	0.000156627803393
222	0.000903057178937
221	0.000403806055622
220	0.000115023543117
4712	4.89461885603e-06
4713	2.44730942801e-06
12422	2.44730942801e-06
12423	2.44730942801e-06
151	0.000411147983906
150	0.000384227580198
153	0.000313255606786
152	0.000337728701066
155	0.000518829598739
154	0.000379332961342
157	0.000572670406155
156	0.00147328027566
159	0.000342623319922
158	0.000318150225642
5769	4.89461885603e-06
21628	2.44730942801e-06
21629	2.44730942801e-06
2434	2.44730942801e-06
7839	2.44730942801e-06
7831	2.44730942801e-06
7833	2.44730942801e-06
12853	2.44730942801e-06
7836	2.44730942801e-06
7837	2.44730942801e-06
4512	4.89461885603e-06
4513	2.44730942801e-06
4511	2.44730942801e-06
5760	2.44730942801e-06
2508	4.89461885603e-06
2505	2.44730942801e-06
9424	4.89461885603e-06
9427	4.89461885603e-06
9426	2.44730942801e-06
21244	2.44730942801e-06
11035	4.89461885603e-06
21240	2.44730942801e-06
10563	2.44730942801e-06
8992	4.89461885603e-06
1809	2.44730942801e-06
21395	2.44730942801e-06
21397	2.44730942801e-06
21390	2.44730942801e-06
9510	4.89461885603e-06
9513	4.89461885603e-06
9512	2.44730942801e-06
4746	2.44730942801e-06
14264	2.44730942801e-06
10518	2.44730942801e-06
10519	2.44730942801e-06
14078	2.44730942801e-06
10516	4.89461885603e-06
10517	2.44730942801e-06
3258	2.44730942801e-06
7300	2.44730942801e-06
7307	2.44730942801e-06
8860	2.44730942801e-06
8861	4.89461885603e-06
9284	2.44730942801e-06
1940	2.44730942801e-06
9283	4.89461885603e-06
1945	2.44730942801e-06
818	2.44730942801e-06
0	0.0607471146222
811	9.78923771206e-06
812	0.000185995516529
813	4.89461885603e-06
814	7.34192828404e-06
815	9.78923771206e-06
816	2.44730942801e-06
817	9.78923771206e-06
1991	4.89461885603e-06
1622	2.44730942801e-06
2857	2.44730942801e-06
3332	2.44730942801e-06
1493	7.34192828404e-06
7040	2.44730942801e-06
3335	2.44730942801e-06
1396	2.44730942801e-06
3338	2.44730942801e-06
20280	3.42623319922e-05
1994	2.44730942801e-06
1704	2.44730942801e-06
424	1.71311659961e-05
1390	2.44730942801e-06
1128	2.44730942801e-06
5189	2.44730942801e-06
1120	2.44730942801e-06
1123	2.44730942801e-06
1125	2.44730942801e-06
1126	2.44730942801e-06
11136	2.44730942801e-06
11133	2.44730942801e-06
11130	2.44730942801e-06
14695	2.44730942801e-06
14696	2.44730942801e-06
2983	2.44730942801e-06
2985	2.44730942801e-06
524	4.89461885603e-06
525	4.89461885603e-06
526	1.71311659961e-05
527	7.34192828404e-06
520	7.34192828404e-06
521	4.89461885603e-06
523	4.89461885603e-06
1014	2.44730942801e-06
1010	2.44730942801e-06
529	7.34192828404e-06
1013	2.44730942801e-06
1234	4.89461885603e-06
1235	4.89461885603e-06
1236	9.78923771206e-06
1237	4.89461885603e-06
8512	2.44730942801e-06
1233	2.44730942801e-06
4194	2.44730942801e-06
1238	2.44730942801e-06
1239	2.44730942801e-06
13861	2.44730942801e-06
8519	4.89461885603e-06
11003	4.89461885603e-06
11006	4.89461885603e-06
11005	2.44730942801e-06
2486	2.44730942801e-06
438	2.44730942801e-06
439	4.89461885603e-06
436	7.34192828404e-06
437	4.89461885603e-06
434	7.34192828404e-06
435	2.44730942801e-06
432	2.44730942801e-06
433	1.46838565681e-05
430	9.05504488365e-05
431	3.18150225642e-05
6009	2.44730942801e-06
8192	2.44730942801e-06
5706	4.89461885603e-06
5707	2.44730942801e-06
7551	2.44730942801e-06
7556	2.44730942801e-06
4776	4.89461885603e-06
13646	7.34192828404e-06
4775	2.44730942801e-06
4772	2.44730942801e-06
4773	4.89461885603e-06
13641	7.34192828404e-06
6759	2.44730942801e-06
1961	2.44730942801e-06
9943	7.34192828404e-06
9947	2.44730942801e-06
9944	9.78923771206e-06
9945	2.44730942801e-06
5810	2.44730942801e-06
5811	4.89461885603e-06
9948	2.44730942801e-06
9949	2.44730942801e-06
19242	2.44730942801e-06
4618	7.34192828404e-06
238	0.000195784754241
239	0.00117715583488
234	0.000384227580198
235	0.000134602018541
236	0.000288782512506
237	0.000168864350533
230	0.000176206278817
231	0.000217810539093
232	0.000137049327969
233	0.000697483186984
1	0.041339950858
146	0.000491909195031
147	0.000516382289311
144	0.000318150225642
145	0.000352412557634
142	0.000523724217595
143	0.000367096414202
140	0.000462541481895
141	0.000318150225642
148	0.00030836098793
149	0.000371991033058
4507	2.44730942801e-06
21092	2.44730942801e-06
2083	2.44730942801e-06
123	0.000166417041105
3343	2.44730942801e-06
9368	2.44730942801e-06
9369	2.44730942801e-06
9366	2.44730942801e-06
9363	2.44730942801e-06
5078	2.44730942801e-06
5079	4.89461885603e-06
9168	2.44730942801e-06
9169	4.89461885603e-06
9166	7.34192828404e-06
7073	4.89461885603e-06
9160	2.44730942801e-06
1833	2.44730942801e-06
1835	2.44730942801e-06
938	1.46838565681e-05
4985	2.44730942801e-06
10684	2.44730942801e-06
4987	7.34192828404e-06
4989	2.44730942801e-06
932	4.89461885603e-06
931	4.16042602763e-05
930	4.89461885603e-06
937	2.44730942801e-06
936	2.44730942801e-06
2408	2.44730942801e-06
6247	2.44730942801e-06
10527	2.44730942801e-06
10526	2.44730942801e-06
10525	2.44730942801e-06
10524	2.44730942801e-06
10523	2.44730942801e-06
10522	2.44730942801e-06
10521	2.44730942801e-06
11839	2.44730942801e-06
14393	2.44730942801e-06
1952	2.44730942801e-06
21478	2.44730942801e-06
7315	2.44730942801e-06
14398	2.44730942801e-06
21473	2.44730942801e-06
21475	2.44730942801e-06
3246	2.44730942801e-06
14399	2.44730942801e-06
825	2.44730942801e-06
827	9.78923771206e-06
826	2.44730942801e-06
13310	4.89461885603e-06
1483	2.44730942801e-06
1482	4.89461885603e-06
1481	2.44730942801e-06
619	2.44730942801e-06
5499	2.44730942801e-06
7036	2.44730942801e-06
7037	2.44730942801e-06
5495	2.44730942801e-06
1488	2.44730942801e-06
5491	4.89461885603e-06
9384	2.44730942801e-06
2068	2.44730942801e-06
795	2.44730942801e-06
1717	2.44730942801e-06
1716	2.44730942801e-06
9382	2.44730942801e-06
1714	2.44730942801e-06
20056	2.44730942801e-06
1992	2.44730942801e-06
21509	2.44730942801e-06
799	2.44730942801e-06
798	2.44730942801e-06
27	0.00211692265523
6311	7.34192828404e-06
913	4.89461885603e-06
21641	2.44730942801e-06
1139	4.89461885603e-06
611	7.34192828404e-06
1132	2.44730942801e-06
1136	7.34192828404e-06
11120	2.44730942801e-06
11125	2.44730942801e-06
11126	2.44730942801e-06
11128	2.44730942801e-06
11129	2.44730942801e-06
615	2.44730942801e-06
6251	2.44730942801e-06
14687	2.44730942801e-06
14684	2.44730942801e-06
14680	2.44730942801e-06
7145	3.42623319922e-05
519	2.44730942801e-06
518	2.44730942801e-06
1008	2.44730942801e-06
511	7.34192828404e-06
1006	2.44730942801e-06
1005	2.44730942801e-06
512	2.44730942801e-06
515	1.46838565681e-05
1002	2.44730942801e-06
517	7.34192828404e-06
8726	2.44730942801e-06
623	4.89461885603e-06
622	7.34192828404e-06
621	2.44730942801e-06
1224	2.44730942801e-06
625	2.44730942801e-06
8506	2.44730942801e-06
8508	2.44730942801e-06
629	7.34192828404e-06
4184	2.44730942801e-06
13677	2.44730942801e-06
4745	4.89461885603e-06
13620	2.44730942801e-06
4344	2.44730942801e-06
6538	2.44730942801e-06
6539	2.44730942801e-06
11018	2.44730942801e-06
11019	2.44730942801e-06
11014	2.44730942801e-06
11015	4.89461885603e-06
11016	2.44730942801e-06
11012	7.34192828404e-06
8614	2.44730942801e-06
2	0.0101636760545
8611	2.44730942801e-06
8613	2.44730942801e-06
8619	4.89461885603e-06
21435	2.44730942801e-06
11332	2.44730942801e-06
1281	2.44730942801e-06
14409	4.40515697043e-05
7566	7.34192828404e-06
10	0.00847747985864
13	0.00648536998424
15310	2.44730942801e-06
15	0.0220771783501
7563	2.44730942801e-06
17	0.00982350004405
16	0.0210835707223
19	0.0270917153681
18	0.0256894070659
12478	4.89461885603e-06
7568	2.44730942801e-06
7569	4.89461885603e-06
7762	2.44730942801e-06
14406	2.44730942801e-06
14400	2.44730942801e-06
4761	2.44730942801e-06
4765	4.89461885603e-06
4764	4.89461885603e-06
4768	2.44730942801e-06
14403	2.44730942801e-06
21436	2.44730942801e-06
5808	2.44730942801e-06
9954	2.44730942801e-06
9951	2.44730942801e-06
9950	2.44730942801e-06
9953	9.78923771206e-06
9952	2.44730942801e-06
201	0.000119918161973
200	0.000220257848521
203	0.00117470852545
202	0.000198232063669
205	0.000227599776805
204	0.000146838565681
207	9.29977582646e-05
206	0.000134602018541
209	0.000141943946825
208	0.000159075112821
830	2.44730942801e-06
12040	2.44730942801e-06
12041	4.89461885603e-06
8888	4.89461885603e-06
1571	2.44730942801e-06
2232	2.44730942801e-06
2234	2.44730942801e-06
21886	2.44730942801e-06
7185	2.93677131362e-05
683	7.34192828404e-06
21640	2.44730942801e-06
839	2.44730942801e-05
2184	2.44730942801e-06
6309	2.44730942801e-06
4578	2.44730942801e-06
21089	2.44730942801e-06
16685	2.44730942801e-06
16683	2.44730942801e-06
4888	2.44730942801e-06
20603	2.44730942801e-06
20609	2.44730942801e-06
13838	2.44730942801e-06
9372	2.44730942801e-06
9374	2.44730942801e-06
13839	2.44730942801e-06
10688	7.34192828404e-06
10682	2.44730942801e-06
10683	2.44730942801e-06
10680	2.44730942801e-06
10681	2.44730942801e-06
21262	2.44730942801e-06
10685	2.44730942801e-06
4409	2.44730942801e-06
4405	2.44730942801e-06
1820	2.44730942801e-06
1822	3.18150225642e-05
928	2.44730942801e-06
929	1.46838565681e-05
2415	2.44730942801e-06
9574	2.44730942801e-06
920	4.89461885603e-06
921	4.89461885603e-06
922	2.44730942801e-06
923	4.89461885603e-06
924	2.44730942801e-06
925	2.44730942801e-06
926	9.78923771206e-06
927	4.89461885603e-06
11806	2.44730942801e-06
11805	4.89461885603e-06
494	3.42623319922e-05
1929	2.44730942801e-06
832	2.44730942801e-06
21468	2.44730942801e-06
831	9.78923771206e-06
836	2.93677131362e-05
837	4.89461885603e-05
834	4.89461885603e-06
8884	2.44730942801e-06
8885	4.89461885603e-06
838	4.89461885603e-06
8887	2.44730942801e-06
21466	2.44730942801e-06
18408	2.44730942801e-06
3	0.0234501189392
11938	4.89461885603e-06
11937	2.44730942801e-06
359	5.13934979883e-05
13223	4.89461885603e-06
11933	2.44730942801e-06
13226	4.89461885603e-06
14238	2.44730942801e-06
4388	2.44730942801e-06
5489	2.44730942801e-06
5488	2.44730942801e-06
5487	2.44730942801e-06
5486	2.44730942801e-06
5485	2.44730942801e-06
5484	2.44730942801e-06
5483	2.44730942801e-06
784	2.44730942801e-06
785	9.78923771206e-06
786	7.34192828404e-06
787	2.44730942801e-06
780	2.44730942801e-06
21513	2.44730942801e-06
782	9.78923771206e-06
783	4.89461885603e-06
1724	4.89461885603e-06
1725	2.44730942801e-06
1722	2.44730942801e-06
789	2.44730942801e-06
1720	4.89461885603e-06
1721	2.44730942801e-06
19229	2.44730942801e-06
10679	2.44730942801e-06
60	0.0010131861032
61	0.000846769062093
62	0.000854110990377
14300	2.44730942801e-06
64	0.000518829598739
65	0.000814954039529
66	0.000526171527023
67	0.0205280314822
68	0.000523724217595
69	0.000577565025012
7029	2.44730942801e-06
407	9.78923771206e-06
406	7.34192828404e-06
1580	2.44730942801e-06
1581	4.89461885603e-06
405	4.16042602763e-05
1584	2.44730942801e-06
1585	2.44730942801e-06
1038	2.44730942801e-06
404	1.46838565681e-05
508	7.34192828404e-06
509	7.34192828404e-06
20625	2.44730942801e-06
507	4.89461885603e-06
504	9.78923771206e-06
505	1.22365471401e-05
502	9.78923771206e-06
503	4.40515697043e-05
500	1.46838565681e-05
501	9.54450676926e-05
1212	2.44730942801e-06
1213	4.89461885603e-06
632	8.07612111245e-05
781	1.71311659961e-05
634	2.44730942801e-06
1377	2.44730942801e-06
636	2.44730942801e-06
639	3.67096414202e-05
1376	2.44730942801e-06
8269	2.44730942801e-06
4374	2.44730942801e-06
4375	2.44730942801e-06
1729	2.44730942801e-06
1454	2.44730942801e-06
1455	4.89461885603e-06
1105	2.44730942801e-06
1450	2.44730942801e-06
1451	2.44730942801e-06
1452	2.44730942801e-06
1101	7.34192828404e-06
1108	4.89461885603e-06
1109	4.89461885603e-06
4080	7.34192828404e-06
4082	2.44730942801e-06
3868	2.44730942801e-06
788	9.78923771206e-06
1723	2.44730942801e-06
11327	4.89461885603e-06
11328	2.44730942801e-06
12464	4.89461885603e-06
15305	2.44730942801e-06
15307	2.44730942801e-06
12460	2.44730942801e-06
12461	4.89461885603e-06
12463	2.44730942801e-06
8316	2.44730942801e-06
6734	2.44730942801e-06
1575	2.44730942801e-06
11495	2.44730942801e-06
8080	4.89461885603e-06
4925	4.89461885603e-06
11259	2.44730942801e-06
11257	2.44730942801e-06
11254	4.89461885603e-06
11255	2.44730942801e-06
13722	2.44730942801e-06
4699	7.34192828404e-06
4698	1.71311659961e-05
216	0.000379332961342
217	0.00030836098793
214	0.000134602018541
215	0.000139496637397
212	0.000222705157949
5993	4.89461885603e-06
210	0.000293677131362
211	0.000168864350533
579	7.34192828404e-06
218	0.000327939463354
219	0.000227599776805
578	1.46838565681e-05
19796	2.44730942801e-06
573	1.71311659961e-05
4	0.0179559092733
572	1.22365471401e-05
571	9.78923771206e-06
3480	2.44730942801e-06
576	4.64988791323e-05
13412	7.34192828404e-06
13410	2.44730942801e-06
13411	2.44730942801e-06
13416	2.44730942801e-06
325	2.44730942801e-05
13414	2.44730942801e-06
4716	4.89461885603e-06
6392	2.44730942801e-06
63	0.0178751480622
12780	2.44730942801e-06
12783	4.89461885603e-06
5012	4.89461885603e-06
5013	4.89461885603e-06
2771	4.89461885603e-06
9499	2.44730942801e-06
6490	2.44730942801e-06
9495	2.44730942801e-06
6266	2.44730942801e-06
6267	4.89461885603e-06
6265	2.44730942801e-06
4418	4.89461885603e-06
13306	2.44730942801e-06
13307	4.89461885603e-06
4414	2.44730942801e-06
13302	2.44730942801e-06
6269	2.44730942801e-06
919	9.78923771206e-06
918	4.64988791323e-05
915	4.89461885603e-06
914	7.34192828404e-06
917	1.22365471401e-05
2179	2.44730942801e-06
4963	2.44730942801e-06
4962	2.44730942801e-06
4961	2.44730942801e-06
2605	2.44730942801e-06
20334	2.44730942801e-06
4083	4.89461885603e-06
3261	2.44730942801e-06
21455	4.89461885603e-06
3262	4.89461885603e-06
1935	2.44730942801e-06
10037	2.44730942801e-06
847	4.89461885603e-06
846	4.89461885603e-06
844	1.46838565681e-05
3462	7.34192828404e-06
21693	2.44730942801e-06
840	7.34192828404e-06
7158	2.44730942801e-06
849	2.44730942801e-06
848	4.89461885603e-06
19140	2.44730942801e-06
1739	2.44730942801e-06
21521	2.44730942801e-06
21520	4.89461885603e-06
1733	2.44730942801e-06
13126	4.89461885603e-06
1039	2.44730942801e-06
753	4.89461885603e-06
752	2.44730942801e-06
750	7.34192828404e-06
757	7.34192828404e-06
756	7.34192828404e-06
755	7.34192828404e-06
754	7.34192828404e-06
759	4.89461885603e-06
758	2.44730942801e-06
506	1.46838565681e-05
1596	2.44730942801e-06
1590	2.44730942801e-06
14316	2.44730942801e-06
1024	2.44730942801e-06
7169	2.44730942801e-06
1022	2.44730942801e-06
7162	4.89461885603e-06
7163	2.44730942801e-06
391	1.95784754241e-05
1034	2.44730942801e-06
605	7.34192828404e-06
607	2.44730942801e-06
606	7.34192828404e-06
601	3.91569508482e-05
1208	2.44730942801e-06
603	4.89461885603e-06
602	1.46838565681e-05
1205	2.44730942801e-06
8070	7.34192828404e-06
8073	4.89461885603e-06
8072	4.89461885603e-06
1201	2.44730942801e-06
1210	2.44730942801e-06
8077	4.89461885603e-06
1202	2.44730942801e-06
633	2.44730942801e-06
1216	4.89461885603e-06
11071	2.44730942801e-06
3103	4.89461885603e-06
1447	2.44730942801e-06
1353	2.44730942801e-05
1445	4.89461885603e-06
1444	7.34192828404e-06
1443	4.89461885603e-06
1442	4.89461885603e-06
1441	4.89461885603e-06
1116	2.44730942801e-06
4992	2.44730942801e-06
1449	1.22365471401e-05
1448	2.44730942801e-06
4099	2.44730942801e-06
450	7.34192828404e-06
8125	2.44730942801e-06
8492	2.44730942801e-06
489	2.44730942801e-06
488	7.34192828404e-06
487	2.44730942801e-06
486	2.44730942801e-06
485	2.44730942801e-06
484	7.34192828404e-06
483	7.34192828404e-06
482	2.44730942801e-06
480	2.20257848521e-05
7584	2.44730942801e-06
7585	4.89461885603e-06
9801	2.44730942801e-06
3922	2.44730942801e-06
3923	4.89461885603e-06
3920	4.89461885603e-06
8306	2.44730942801e-06
4789	2.44730942801e-06
8309	2.44730942801e-06
4780	2.44730942801e-06
5825	2.44730942801e-06
11262	2.44730942801e-06
11267	2.44730942801e-06
11264	2.44730942801e-06
9935	2.44730942801e-06
9934	7.34192828404e-06
8215	7.34192828404e-06
19656	7.34192828404e-06
19657	4.89461885603e-06
5911	2.44730942801e-06
9778	2.44730942801e-06
21669	2.44730942801e-06
199	8.07612111245e-05
198	0.00029612444079
21660	2.44730942801e-06
194	0.000154180493965
197	0.000183548207101
196	7.83139016965e-05
191	0.000215363229665
190	0.000256967489942
193	0.000217810539093
21667	2.44730942801e-06
13425	2.44730942801e-06
3674	2.44730942801e-06
3675	2.44730942801e-06
11684	2.44730942801e-06
11447	2.44730942801e-06
11445	4.89461885603e-06
2386	2.44730942801e-06
11448	4.89461885603e-06
8665	2.44730942801e-06
3581	2.44730942801e-06
1100	7.34192828404e-06
5009	2.44730942801e-06
1453	4.89461885603e-06
9159	2.44730942801e-06
9158	2.44730942801e-06
9483	2.44730942801e-06
21200	2.44730942801e-06
7905	2.44730942801e-06
7906	4.89461885603e-06
8863	2.44730942801e-06
6271	2.44730942801e-06
4620	2.44730942801e-06
900	1.22365471401e-05
21199	2.44730942801e-06
906	2.44730942801e-06
907	4.89461885603e-06
6277	2.44730942801e-06
6276	2.44730942801e-06
6279	2.44730942801e-06
6278	2.44730942801e-06
13533	2.44730942801e-06
1844	4.89461885603e-06
13532	2.44730942801e-06
1943	2.44730942801e-06
4953	2.44730942801e-06
9556	4.89461885603e-06
20951	2.44730942801e-06
20953	2.44730942801e-06
20138	2.44730942801e-06
1944	2.44730942801e-06
1908	4.89461885603e-06
1904	2.44730942801e-06
1905	2.44730942801e-06
10791	2.44730942801e-06
854	2.44730942801e-06
855	2.44730942801e-06
856	2.44730942801e-06
857	4.89461885603e-06
21682	2.44730942801e-06
851	9.78923771206e-06
852	7.34192828404e-06
11910	2.44730942801e-06
858	4.89461885603e-06
859	4.89461885603e-06
6	0.0104475639482
20554	2.44730942801e-06
20551	2.44730942801e-06
20553	2.44730942801e-06
20552	2.44730942801e-06
11753	2.44730942801e-06
20558	2.44730942801e-06
21538	2.44730942801e-06
21530	2.44730942801e-06
13225	4.89461885603e-06
740	2.44730942801e-06
742	2.44730942801e-06
743	3.67096414202e-05
744	4.89461885603e-06
745	4.89461885603e-06
746	7.34192828404e-06
747	9.78923771206e-06
748	7.34192828404e-06
749	4.89461885603e-06
7171	2.44730942801e-06
7170	2.44730942801e-06
2946	2.44730942801e-06
3069	2.44730942801e-06
14366	2.44730942801e-06
1050	2.44730942801e-06
1051	2.44730942801e-06
1054	7.34192828404e-06
1056	2.44730942801e-06
5359	2.44730942801e-06
1695	2.44730942801e-06
1690	4.89461885603e-06
716	4.89461885603e-06
618	2.44730942801e-06
4313	2.44730942801e-06
612	4.40515697043e-05
613	2.44730942801e-06
610	9.29977582646e-05
1273	2.44730942801e-06
616	9.78923771206e-06
617	2.93677131362e-05
1277	2.44730942801e-06
11047	2.44730942801e-06
11046	2.44730942801e-06
11045	2.44730942801e-06
8792	2.44730942801e-06
11048	4.89461885603e-06
1473	2.20257848521e-05
1470	2.44730942801e-06
1471	2.44730942801e-06
8648	4.89461885603e-06
8644	2.44730942801e-06
8642	2.44730942801e-06
8643	4.89461885603e-06
8640	7.34192828404e-06
1304	2.44730942801e-06
1305	2.44730942801e-06
1307	2.44730942801e-06
8423	2.44730942801e-06
1302	2.44730942801e-06
21236	2.44730942801e-06
1308	1.46838565681e-05
1309	4.89461885603e-06
5741	2.44730942801e-06
498	1.46838565681e-05
499	9.78923771206e-06
5748	2.44730942801e-06
495	7.34192828404e-06
496	9.78923771206e-06
497	2.44730942801e-05
490	3.67096414202e-05
491	9.78923771206e-06
493	4.89461885603e-06
24	0.00219768386636
25	0.00969379264437
26	0.00527884643623
12409	4.89461885603e-06
20	0.0172119272072
21	0.0101024933188
22	0.0185481581549
23	0.0101269664131
6473	4.89461885603e-06
6846	2.44730942801e-06
28	0.0084652433115
29	0.0038349338737
1241	2.44730942801e-06
9893	9.78923771206e-06
6719	2.44730942801e-06
8339	2.44730942801e-06
9903	2.44730942801e-06
9900	9.78923771206e-06
9901	2.44730942801e-06
5693	2.44730942801e-06
4436	2.44730942801e-06
3845	2.44730942801e-06
5697	2.44730942801e-06
5694	2.44730942801e-06
3848	2.44730942801e-06
12492	2.44730942801e-06
21608	2.44730942801e-06
22153	2.44730942801e-06
21606	2.44730942801e-06
22407	2.44730942801e-06
22401	2.44730942801e-06
22400	2.44730942801e-06
21605	4.89461885603e-06
4040	2.44730942801e-06
4041	4.89461885603e-06
4042	2.44730942801e-06
4043	2.44730942801e-06
7	0.0240472624397
19664	4.89461885603e-06
19663	4.89461885603e-06
19662	2.44730942801e-06
19661	2.44730942801e-06
2288	2.44730942801e-06
2281	2.44730942801e-06
21837	2.44730942801e-06
3983	2.44730942801e-06
4547	2.44730942801e-06
411	4.89461885603e-06
1240	4.89461885603e-06
2572	2.44730942801e-06
2571	2.44730942801e-06
10907	2.44730942801e-06
2378	2.44730942801e-06
21945	2.44730942801e-06
21944	2.44730942801e-06
3597	2.44730942801e-06
1086	2.44730942801e-06
593	4.16042602763e-05
4435	2.44730942801e-06
4437	2.44730942801e-06
8609	2.44730942801e-06
1873	2.44730942801e-06
4433	2.44730942801e-06
1871	2.44730942801e-06
976	2.44730942801e-06
975	4.89461885603e-06
971	2.44730942801e-06
6284	2.44730942801e-06
6285	2.44730942801e-06
6286	4.89461885603e-06
596	2.20257848521e-05
6280	2.44730942801e-06
6281	2.44730942801e-06
6282	2.44730942801e-06
978	2.44730942801e-06
182	0.000210468610809
183	0.000482119957319
180	0.000594696191008
181	0.000239836323945
186	0.000403806055622
187	0.000325492153926
184	0.000379332961342
185	0.000401358746194
21934	4.89461885603e-06
188	0.000367096414202
189	0.000151733184537
1559	2.44730942801e-06
20940	2.44730942801e-06
14029	2.44730942801e-06
20945	2.44730942801e-06
9580	2.44730942801e-06
7352	2.44730942801e-06
10012	2.44730942801e-06
10017	2.44730942801e-06
11629	4.89461885603e-06
10015	7.34192828404e-06
1916	2.44730942801e-06
869	2.44730942801e-06
868	1.22365471401e-05
11628	4.89461885603e-06
861	7.34192828404e-06
860	2.44730942801e-06
863	4.89461885603e-06
862	2.44730942801e-06
865	4.89461885603e-06
864	7.34192828404e-06
867	4.89461885603e-06
866	4.89461885603e-06
656	7.34192828404e-06
883	2.44730942801e-06
882	9.78923771206e-06
880	2.44730942801e-06
886	2.44730942801e-06
885	2.44730942801e-06
884	2.44730942801e-06
889	2.44730942801e-06
14157	2.93677131362e-05
357	2.20257848521e-05
356	1.95784754241e-05
21540	2.44730942801e-06
9885	2.44730942801e-06
9884	2.44730942801e-06
353	2.44730942801e-06
1500	2.44730942801e-06
775	1.46838565681e-05
774	1.22365471401e-05
777	1.71311659961e-05
2629	2.44730942801e-06
771	2.44730942801e-05
770	1.22365471401e-05
773	1.71311659961e-05
772	7.34192828404e-06
779	2.20257848521e-05
778	1.95784754241e-05
77	0.000509040361027
76	0.000413595293335
75	0.000553091930731
74	0.00662486662164
73	0.000922635654362
72	0.000636300451284
71	0.0450720977357
70	0.002515834092
2972	4.89461885603e-06
2973	4.89461885603e-06
14370	2.44730942801e-06
2971	1.22365471401e-05
2976	2.44730942801e-06
79	0.000743982066117
78	0.000460094172467
1043	2.44730942801e-06
1041	4.89461885603e-06
1047	4.89461885603e-06
20304	9.78923771206e-06
20306	9.29977582646e-05
1048	2.44730942801e-06
1681	4.89461885603e-06
1680	2.44730942801e-06
1683	2.44730942801e-06
10018	4.89461885603e-06
1684	2.44730942801e-06
1688	2.44730942801e-06
9888	2.44730942801e-06
1269	2.44730942801e-06
1268	2.44730942801e-06
669	2.44730942801e-06
668	2.44730942801e-06
667	2.44730942801e-06
1262	7.34192828404e-06
665	4.89461885603e-06
1260	2.44730942801e-06
1267	1.71311659961e-05
1266	2.44730942801e-06
1265	7.34192828404e-06
660	2.44730942801e-06
20645	2.44730942801e-06
19260	2.44730942801e-06
213	0.000198232063669
7614	2.44730942801e-06
3123	2.44730942801e-06
3124	2.44730942801e-06
8659	2.44730942801e-06
1468	4.89461885603e-06
1465	1.95784754241e-05
1464	4.89461885603e-06
1467	2.44730942801e-06
1466	4.89461885603e-06
1461	9.78923771206e-06
1463	2.44730942801e-06
8656	2.44730942801e-06
8431	2.44730942801e-06
1316	2.44730942801e-06
8864	4.89461885603e-06
1313	2.44730942801e-06
1312	9.78923771206e-06
1310	9.78923771206e-06
1319	9.78923771206e-06
1318	4.89461885603e-06
5752	2.44730942801e-06
5750	7.34192828404e-06
5756	4.89461885603e-06
5755	4.89461885603e-06
13929	2.44730942801e-06
4233	2.44730942801e-06
4231	2.44730942801e-06
1400	2.20257848521e-05
528	7.34192828404e-06
319	1.71311659961e-05
318	4.64988791323e-05
13959	2.44730942801e-06
313	7.58665922685e-05
312	1.46838565681e-05
311	1.95784754241e-05
310	2.69204037082e-05
317	1.71311659961e-05
316	0.000139496637397
315	4.64988791323e-05
314	6.11827357004e-05
11201	2.44730942801e-06
11200	2.44730942801e-06
11203	2.44730942801e-06
11204	2.44730942801e-06
1230	2.44730942801e-06
12503	2.44730942801e-06
12501	2.44730942801e-06
12507	2.44730942801e-06
12505	2.44730942801e-06
5805	4.89461885603e-06
443	9.78923771206e-06
7130	2.44730942801e-06
440	7.34192828404e-06
446	1.71311659961e-05
22416	2.44730942801e-06
21630	2.44730942801e-06
2326	2.44730942801e-06
9864	2.44730942801e-06
6934	7.34192828404e-06
3618	2.44730942801e-06
2291	7.34192828404e-06
8695	2.44730942801e-06
19695	2.44730942801e-06
8697	2.44730942801e-06
2569	2.44730942801e-06
2364	4.89461885603e-06
2361	2.44730942801e-06
7292	2.44730942801e-06
21224	2.44730942801e-06
7298	2.44730942801e-06
21871	2.44730942801e-06
402	9.78923771206e-06
1860	2.44730942801e-06
4442	2.44730942801e-06
1865	2.44730942801e-06
280	0.000325492153926
8667	4.89461885603e-06
960	2.44730942801e-06
961	4.89461885603e-06
962	2.44730942801e-06
4681	2.44730942801e-06
5190	4.89461885603e-06
6294	7.34192828404e-06
4688	2.44730942801e-06
11735	4.89461885603e-06
11734	2.44730942801e-06
2100	2.44730942801e-06
11739	2.44730942801e-06
11738	2.44730942801e-06
30	0.00141943946825
2630	2.44730942801e-06
34	0.0747824341918
1537	2.69204037082e-05
878	2.44730942801e-06
879	2.44730942801e-06
9085	2.44730942801e-06
877	2.44730942801e-06
875	2.44730942801e-06
872	2.44730942801e-06
643	2.44730942801e-06
870	4.89461885603e-06
871	2.44730942801e-06
4592	2.44730942801e-06
4593	2.44730942801e-06
2035	2.44730942801e-06
4591	2.44730942801e-06
4596	2.44730942801e-06
4594	2.44730942801e-06
2030	2.44730942801e-06
9	0.0167812007479
1245	7.34192828404e-06
1244	7.34192828404e-06
891	2.44730942801e-06
892	4.89461885603e-06
893	2.44730942801e-06
894	2.44730942801e-06
895	2.44730942801e-06
897	2.44730942801e-06
646	4.89461885603e-06
14904	2.44730942801e-06
648	4.89461885603e-06
9042	2.44730942801e-06
9040	4.89461885603e-06
4369	2.44730942801e-06
21551	2.44730942801e-06
13179	2.44730942801e-06
1616	7.34192828404e-06
260	7.09719734124e-05
1617	7.83139016965e-05
1614	4.89461885603e-06
11840	2.44730942801e-06
11190	2.44730942801e-06
11193	2.44730942801e-06
769	2.44730942801e-06
11197	2.44730942801e-06
11196	9.78923771206e-06
11199	7.34192828404e-06
11198	4.89461885603e-06
760	4.89461885603e-06
761	9.78923771206e-06
2969	2.44730942801e-06
767	2.44730942801e-06
764	1.22365471401e-05
765	7.34192828404e-06
1078	7.34192828404e-06
1076	2.44730942801e-06
1535	7.34192828404e-06
1074	2.44730942801e-06
1070	4.89461885603e-06
1679	4.89461885603e-06
1674	2.44730942801e-06
1676	2.44730942801e-06
1670	2.44730942801e-06
1671	2.44730942801e-06
1097	2.44730942801e-06
678	9.78923771206e-06
679	7.34192828404e-06
1092	4.89461885603e-06
1093	4.89461885603e-06
674	4.89461885603e-06
676	9.78923771206e-06
677	7.34192828404e-06
1098	4.89461885603e-06
671	2.44730942801e-06
672	2.44730942801e-06
20200	2.44730942801e-06
933	4.89461885603e-06
7605	2.44730942801e-06
1418	7.34192828404e-06
1419	2.44730942801e-06
1414	7.34192828404e-06
1323	4.89461885603e-06
1320	2.44730942801e-06
1321	2.44730942801e-06
1325	2.44730942801e-06
9852	4.89461885603e-06
9853	4.89461885603e-06
12424	2.44730942801e-06
9857	2.44730942801e-06
13913	2.44730942801e-06
12429	4.89461885603e-06
8131	2.44730942801e-06
13915	2.44730942801e-06
647	7.34192828404e-06
1256	2.44730942801e-06
1525	4.89461885603e-06
1254	4.89461885603e-06
1255	2.44730942801e-06
1520	8.81031394085e-05
1250	4.89461885603e-06
1523	2.44730942801e-06
1528	2.44730942801e-05
1259	1.22365471401e-05
308	0.000181100897673
309	1.22365471401e-05
4862	2.44730942801e-06
300	3.67096414202e-05
301	7.09719734124e-05
302	5.38408074163e-05
303	3.18150225642e-05
304	4.40515697043e-05
305	3.67096414202e-05
306	5.87354262724e-05
307	8.32085205525e-05
4110	2.44730942801e-06
8352	9.78923771206e-06
4118	4.89461885603e-06
1626	4.89461885603e-06
1280	4.89461885603e-06
1485	2.44730942801e-06
7893	4.89461885603e-06
2979	2.20257848521e-05
4899	2.44730942801e-06
989	2.44730942801e-06
6605	2.44730942801e-06
14373	2.44730942801e-06
6608	4.89461885603e-06
3054	4.89461885603e-06
3052	2.44730942801e-06
10040	2.44730942801e-06
4892	2.44730942801e-06
980	2.44730942801e-06
3601	2.44730942801e-06
10043	2.44730942801e-06
10046	2.44730942801e-06
4638	2.44730942801e-06
470	9.78923771206e-06
7875	4.89461885603e-06
12089	2.44730942801e-06
10922	2.44730942801e-06
2352	5.38408074163e-05
2350	7.34192828404e-06
2351	4.16042602763e-05
1049	2.44730942801e-06
2354	2.44730942801e-06
7282	4.89461885603e-06
7281	4.89461885603e-06
113	0.000721956281264
7285	2.44730942801e-06
21788	2.44730942801e-06
9106	2.44730942801e-06
7288	2.44730942801e-06
9102	2.44730942801e-06
21781	2.44730942801e-06
1898	4.89461885603e-06
1894	2.44730942801e-06
3734	2.44730942801e-06
21141	4.89461885603e-06
21140	2.44730942801e-06
21142	4.89461885603e-06
959	4.89461885603e-06
958	4.89461885603e-06
4921	2.44730942801e-06
4926	2.44730942801e-06
4697	2.93677131362e-05
951	9.78923771206e-06
950	4.89461885603e-06
953	7.34192828404e-06
952	7.34192828404e-06
955	1.46838565681e-05
954	2.44730942801e-06
957	2.44730942801e-06
956	2.44730942801e-06
1682	2.44730942801e-06
11722	2.44730942801e-06
477	5.13934979883e-05
8342	2.44730942801e-06
14006	2.44730942801e-06
21496	2.44730942801e-06
13647	2.44730942801e-06
13309	2.44730942801e-06
2002	2.44730942801e-06
4589	2.44730942801e-06
4588	2.44730942801e-06
2004	2.44730942801e-06
4585	2.44730942801e-06
4587	2.44730942801e-06
4586	2.44730942801e-06
13642	2.44730942801e-05
9076	4.89461885603e-06
9075	2.44730942801e-06
9073	4.89461885603e-06
14911	2.44730942801e-06
9670	4.89461885603e-06
20560	2.44730942801e-06
20561	2.44730942801e-06
21766	2.44730942801e-06
9464	2.44730942801e-06
20961	2.44730942801e-06
18819	2.44730942801e-06
9461	2.44730942801e-06
664	9.78923771206e-06
11186	2.44730942801e-06
11187	2.44730942801e-06
719	7.34192828404e-06
718	2.44730942801e-06
717	4.89461885603e-06
663	4.89461885603e-06
715	2.44730942801e-06
714	4.89461885603e-06
713	7.34192828404e-06
712	7.34192828404e-06
711	7.34192828404e-06
662	2.44730942801e-06
661	1.46838565681e-05
7124	2.44730942801e-06
7122	2.44730942801e-06
6847	2.44730942801e-06
1069	2.44730942801e-06
916	7.58665922685e-05
1061	2.44730942801e-06
911	7.34192828404e-06
1063	4.89461885603e-06
1064	2.44730942801e-06
11053	2.44730942801e-06
13013	2.44730942801e-06
1668	2.44730942801e-06
591	1.22365471401e-05
590	1.71311659961e-05
1085	2.44730942801e-06
1084	2.44730942801e-06
595	4.16042602763e-05
594	1.46838565681e-05
597	1.46838565681e-05
1080	7.34192828404e-06
6598	2.44730942801e-06
598	2.69204037082e-05
8239	2.44730942801e-06
1089	2.44730942801e-06
12091	2.44730942801e-06
4621	4.89461885603e-06
20212	2.44730942801e-06
7636	4.89461885603e-06
7634	2.44730942801e-06
7635	2.44730942801e-06
9087	2.44730942801e-06
1408	2.44730942801e-06
8784	2.44730942801e-06
1407	2.44730942801e-06
1406	2.44730942801e-06
1405	2.44730942801e-06
449	7.34192828404e-06
448	4.64988791323e-05
1339	2.44730942801e-06
1335	2.44730942801e-06
442	4.64988791323e-05
1337	4.89461885603e-06
1336	4.89461885603e-06
447	3.91569508482e-05
1544	3.18150225642e-05
445	2.44730942801e-05
444	1.95784754241e-05
6933	2.44730942801e-06
691	2.44730942801e-06
6936	2.44730942801e-06
6937	4.89461885603e-06
8129	2.44730942801e-06
8127	2.44730942801e-06
9849	2.44730942801e-06
8696	9.78923771206e-06
7704	2.44730942801e-06
38	0.00167151233933
33	0.0628860630623
32	0.00239591593003
31	0.00679128366274
1541	2.44730942801e-06
37	0.00283153700821
36	0.00264554149168
35	0.0021316065118
7709	2.44730942801e-06
641	2.44730942801e-06
3122	2.44730942801e-06
1243	2.44730942801e-06
1242	2.44730942801e-06
1533	2.44730942801e-06
644	2.44730942801e-06
1247	2.44730942801e-06
1246	2.44730942801e-06
649	2.44730942801e-06
1248	4.89461885603e-06
21666	2.44730942801e-06
1539	2.44730942801e-06
339	2.44730942801e-05
338	1.71311659961e-05
335	4.89461885603e-06
334	0.000225152467377
337	1.71311659961e-05
6143	2.44730942801e-06
331	2.44730942801e-05
330	9.05504488365e-05
333	0.000102786995977
332	7.09719734124e-05
4100	4.89461885603e-06
4103	4.89461885603e-06
4102	2.44730942801e-06
11227	7.34192828404e-05
11226	7.34192828404e-06
11225	9.78923771206e-06
11224	1.22365471401e-05
11223	2.44730942801e-06
11220	2.44730942801e-06
10677	2.44730942801e-06
541	2.44730942801e-06
21695	2.44730942801e-06
6613	4.89461885603e-06
8651	4.89461885603e-06
6611	7.34192828404e-06
6617	2.44730942801e-06
8	0.00557007625816
6615	2.44730942801e-06
6614	4.89461885603e-06
1496	2.44730942801e-06
7137	2.44730942801e-06
842	2.44730942801e-06
10846	2.44730942801e-06
4075	2.44730942801e-06
8655	2.44730942801e-06
4077	4.89461885603e-06
4076	2.44730942801e-06
4073	4.89461885603e-06
4072	2.44730942801e-06
1462	4.89461885603e-06
1352	2.44730942801e-06
8079	2.44730942801e-06
13840	2.44730942801e-06
4612	2.44730942801e-06
2341	4.89461885603e-06
2340	4.16042602763e-05
2343	2.44730942801e-06
11408	2.44730942801e-06
4617	2.44730942801e-06
10935	2.44730942801e-06
9111	4.89461885603e-06
9444	2.44730942801e-06
2346	7.34192828404e-06
1888	2.44730942801e-06
1883	2.44730942801e-06
948	2.44730942801e-06
4919	2.44730942801e-06
946	7.34192828404e-06
947	4.89461885603e-06
944	4.89461885603e-06
945	4.89461885603e-06
940	2.44730942801e-06
11713	2.44730942801e-06
11718	2.44730942801e-06
21484	4.89461885603e-06
21485	2.44730942801e-06
10060	2.44730942801e-06
2658	2.44730942801e-06
2652	2.44730942801e-06
133	0.000178653588245
132	0.000195784754241
131	0.000190890135385
130	0.000234941705089
137	0.000342623319922
136	0.000254520180514
135	0.000232494395661
134	0.000205573991953
17001	2.44730942801e-06
139	0.000450304934755
138	0.000335281391638
6327	2.44730942801e-06
9681	2.44730942801e-06
2017	2.44730942801e-06
9667	4.89461885603e-06
9666	2.44730942801e-06
9663	2.44730942801e-06
9669	2.44730942801e-06
6568	4.89461885603e-06
21774	2.44730942801e-06
21775	7.34192828404e-06
7258	2.44730942801e-06
21778	2.44730942801e-06
21779	4.89461885603e-06
4484	2.44730942801e-06
708	4.89461885603e-06
709	7.34192828404e-06
6853	2.44730942801e-06
6852	9.78923771206e-06
704	2.44730942801e-06
705	4.89461885603e-06
510	7.34192828404e-06
700	2.44730942801e-06
701	2.44730942801e-06
7138	2.44730942801e-06
88	0.000575117715583
89	0.000609380047576
14619	9.78923771206e-06
82	0.000663220854992
21655	2.44730942801e-06
80	0.000577565025012
81	0.000687693949272
14611	2.44730942801e-06
87	0.000538408074163
14613	2.44730942801e-06
85	0.000589801572152
762	9.78923771206e-06
1658	2.44730942801e-06
7684	2.44730942801e-06
8800	2.44730942801e-06
8801	4.89461885603e-06
14296	2.44730942801e-06
1651	2.44730942801e-06
1389	4.89461885603e-06
586	0.000129707399685
587	1.46838565681e-05
584	9.78923771206e-06
9112	4.89461885603e-06
763	9.78923771206e-06
583	1.95784754241e-05
580	2.69204037082e-05
581	7.34192828404e-06
8206	4.89461885603e-06
8204	2.44730942801e-06
588	9.78923771206e-06
8201	2.44730942801e-06
7622	2.44730942801e-06
11085	2.44730942801e-06
1436	4.89461885603e-06
1437	2.44730942801e-06
1434	2.44730942801e-06
1435	2.44730942801e-06
20226	2.44730942801e-06
1430	2.44730942801e-05
20229	2.44730942801e-06
17357	2.44730942801e-06
14727	2.44730942801e-06
1439	4.89461885603e-06
1382	2.44730942801e-06
458	1.46838565681e-05
459	4.89461885603e-06
514	1.22365471401e-05
4265	2.44730942801e-06
4266	2.44730942801e-06
4267	2.44730942801e-06
4268	2.44730942801e-06
451	2.93677131362e-05
452	4.89461885603e-06
453	7.34192828404e-06
454	9.78923771206e-06
455	5.38408074163e-05
456	5.38408074163e-05
457	4.89461885603e-06
13697	2.44730942801e-06
6929	2.44730942801e-06
9877	2.44730942801e-06
8116	2.44730942801e-06
7710	2.44730942801e-06
11157	7.34192828404e-06
11151	2.44730942801e-06
14433	2.44730942801e-06
8650	2.44730942801e-06
11159	2.44730942801e-06
11158	4.89461885603e-06
1502	2.44730942801e-06
654	7.34192828404e-06
655	7.34192828404e-06
1506	2.44730942801e-06
1507	2.44730942801e-06
650	4.89461885603e-06
651	1.22365471401e-05
1509	2.44730942801e-06
658	4.89461885603e-06
516	2.44730942801e-06
8370	2.93677131362e-05
8378	4.89461885603e-06
13699	2.44730942801e-06
5896	2.44730942801e-06
11231	2.44730942801e-06
11232	0.000168864350533
2236	2.44730942801e-06
949	2.44730942801e-06
6139	2.44730942801e-06
2815	2.44730942801e-06
4915	2.44730942801e-06
19735	2.44730942801e-06
11525	2.44730942801e-06
6628	2.44730942801e-06
13719	2.44730942801e-06
13710	2.44730942801e-06
13713	2.44730942801e-06
13716	2.44730942801e-06
322	3.67096414202e-05
323	3.67096414202e-05
320	9.78923771206e-06
321	2.69204037082e-05
326	3.18150225642e-05
327	1.71311659961e-05
324	2.93677131362e-05
3976	2.44730942801e-06
3979	2.44730942801e-06
328	1.22365471401e-05
329	2.69204037082e-05
21015	2.44730942801e-06
21013	2.44730942801e-06
3627	2.44730942801e-06
21010	2.44730942801e-06
16612	2.44730942801e-06
16614	2.44730942801e-06
2332	2.44730942801e-06
12768	7.34192828404e-06
2335	4.89461885603e-06
2336	6.60773545564e-05
2337	2.44730942801e-06
2338	4.89461885603e-06
2339	9.05504488365e-05
12760	2.44730942801e-06
1341	4.89461885603e-06
8219	2.44730942801e-06
7640	2.44730942801e-06
3713	4.89461885603e-06
8218	4.89461885603e-06
19952	2.44730942801e-06
21166	2.44730942801e-06
6007	7.34192828404e-06
4678	2.44730942801e-06
13566	2.44730942801e-06
13567	2.44730942801e-06
13564	2.44730942801e-06
13562	2.44730942801e-06
4672	2.44730942801e-06
13560	2.44730942801e-06
13561	2.44730942801e-06
13409	2.44730942801e-06
21434	2.44730942801e-06
11701	2.44730942801e-06
11703	2.44730942801e-06
992	4.89461885603e-06
10054	2.44730942801e-06
10053	2.44730942801e-06
998	2.44730942801e-06
10051	4.89461885603e-06
120	0.000249625561658
121	0.000286335203078
122	0.00221236772293
1026	2.44730942801e-06
124	0.000230047086233
125	0.000193337444813
126	0.000215363229665
127	0.000141943946825
128	0.000134602018541
129	0.000225152467377
4871	2.44730942801e-06
12385	2.44730942801e-06
10349	4.89461885603e-06
12143	1.22365471401e-05
6313	2.44730942801e-06
12140	2.44730942801e-06
12146	9.78923771206e-06
12145	4.89461885603e-06
2062	2.44730942801e-06
2063	2.44730942801e-06
13531	2.44730942801e-06
776	4.89461885603e-06
9090	7.34192828404e-06
21589	2.44730942801e-06
21585	2.44730942801e-06
13530	2.44730942801e-06
7380	2.44730942801e-06
13147	2.44730942801e-06
5076	4.89461885603e-06
725	7.34192828404e-06
1748	2.44730942801e-06
1749	7.34192828404e-06
721	7.34192828404e-06
10545	2.44730942801e-06
5325	2.44730942801e-06
14606	2.44730942801e-06
14604	9.78923771206e-06
14605	4.89461885603e-06
22152	2.44730942801e-06
1644	2.44730942801e-06
1647	2.44730942801e-06
1649	2.44730942801e-06
1648	4.89461885603e-06
21883	2.44730942801e-06
8816	2.44730942801e-06
728	9.78923771206e-06
792	2.44730942801e-06
1743	4.89461885603e-06
7681	2.44730942801e-06
11094	2.44730942801e-06
11095	2.44730942801e-06
11096	2.44730942801e-06
11097	2.44730942801e-06
8211	2.44730942801e-06
8746	2.44730942801e-06
8213	2.44730942801e-06
570	4.16042602763e-05
11098	2.44730942801e-06
11099	4.89461885603e-06
575	2.44730942801e-05
574	5.38408074163e-05
13534	2.44730942801e-06
15640	2.44730942801e-06
600	7.34192828404e-06
1421	4.89461885603e-06
1420	2.44730942801e-06
1422	1.46838565681e-05
1424	7.34192828404e-06
1428	2.44730942801e-06
6492	2.44730942801e-06
20231	2.44730942801e-06
731	7.34192828404e-06
730	2.44730942801e-05
733	2.69204037082e-05
732	9.78923771206e-06
735	4.89461885603e-06
734	1.46838565681e-05
737	7.34192828404e-06
736	4.89461885603e-06
739	4.89461885603e-06
738	1.22365471401e-05
1359	2.44730942801e-06
13961	2.44730942801e-06
469	7.34192828404e-06
468	6.11827357004e-05
465	9.78923771206e-06
464	2.69204037082e-05
467	9.78923771206e-06
466	1.22365471401e-05
461	7.34192828404e-06
460	4.64988791323e-05
463	7.34192828404e-06
608	1.46838565681e-05
5554	4.89461885603e-06
577	9.78923771206e-06
4988	2.44730942801e-06
9863	2.44730942801e-06
9862	4.89461885603e-06
6487	2.44730942801e-06
11146	2.44730942801e-06
14427	4.89461885603e-06
11145	7.34192828404e-06
11142	2.44730942801e-06
11143	4.89461885603e-06
11140	4.89461885603e-06
1518	2.44730942801e-06
934	2.44730942801e-06
1511	2.44730942801e-06
8217	2.44730942801e-06
5640	2.44730942801e-06
585	4.89461885603e-06
7470	2.44730942801e-06
14663	2.44730942801e-06
1138	2.44730942801e-06
582	9.78923771206e-06
12604	2.44730942801e-06
4018	7.34192828404e-06
11393	2.44730942801e-06
49	0.00223684081721
13707	2.44730942801e-06
9887	4.89461885603e-06
9886	2.44730942801e-06
355	1.22365471401e-05
354	2.20257848521e-05
8798	4.89461885603e-06
352	4.89461885603e-06
351	9.05504488365e-05
350	2.69204037082e-05
3986	2.44730942801e-06
44	0.00505614127828
9889	2.44730942801e-06
358	2.44730942801e-05
21009	2.44730942801e-06
2008	2.44730942801e-06
12777	2.44730942801e-06
12898	2.44730942801e-06
13637	2.44730942801e-06
13634	2.44730942801e-06
13633	2.44730942801e-06
2325	5.38408074163e-05
1446	4.89461885603e-06
2329	2.44730942801e-06
2328	4.89461885603e-06
289	3.91569508482e-05
288	0.000242283633373
1112	2.44730942801e-06
281	0.00028388789365
5	0.0159173005198
283	0.000168864350533
282	0.000545750002447
285	0.000129707399685
284	0.00351678364806
287	5.13934979883e-05
286	0.000110128924261
21918	2.44730942801e-06
1440	4.89461885603e-06
263	0.000149285875109
262	7.09719734124e-05
261	0.000178653588245
19945	2.44730942801e-06
267	8.32085205525e-05
266	9.78923771206e-05
265	8.07612111245e-05
264	0.000122365471401
269	0.000134602018541
268	0.000102786995977
1290	2.44730942801e-06
19949	2.44730942801e-06
6011	2.44730942801e-06
6010	2.44730942801e-06
13559	2.44730942801e-06
14392	2.44730942801e-06
13550	2.44730942801e-06
4645	2.44730942801e-06
259	7.58665922685e-05
2258	4.89461885603e-06
11771	2.44730942801e-06
11772	2.44730942801e-06
2253	4.89461885603e-06
11774	2.44730942801e-06
10049	2.44730942801e-06
2475	2.44730942801e-06
2474	2.44730942801e-06
982	2.44730942801e-06
10041	2.44730942801e-06
10042	2.44730942801e-06
981	2.44730942801e-06
10044	2.44730942801e-06
10045	2.44730942801e-06
984	2.44730942801e-06
985	2.44730942801e-06
115	0.000161522422249
114	0.000159075112821
117	0.000137049327969
116	0.000110128924261
111	0.000242283633373
110	0.000425831840475
7872	4.89461885603e-06
112	0.000293677131362
119	0.000176206278817
13528	2.44730942801e-06
4801	2.44730942801e-06
13529	2.44730942801e-06
12392	2.44730942801e-06
12390	4.89461885603e-06
9465	4.89461885603e-06
11604	4.89461885603e-06
9467	2.44730942801e-06
11606	2.44730942801e-06
11601	7.34192828404e-06
11603	2.44730942801e-06
9462	4.89461885603e-06
2072	2.44730942801e-06
9469	2.44730942801e-06
6300	9.78923771206e-06
11959	2.44730942801e-06
11958	2.44730942801e-06
11955	2.44730942801e-06
14125	2.44730942801e-06
11956	2.44730942801e-06
14123	2.44730942801e-06
21596	2.44730942801e-06
21597	4.89461885603e-06
9312	2.44730942801e-06
9310	2.44730942801e-06
7272	2.44730942801e-06
8954	4.89461885603e-06
729	9.78923771206e-06
8953	2.44730942801e-06
8951	7.34192828404e-06
5083	4.89461885603e-06
5082	2.44730942801e-06
7278	2.44730942801e-06
21757	2.44730942801e-06
5086	4.89461885603e-06
5085	2.44730942801e-06
21753	2.44730942801e-06
9795	2.44730942801e-06
2678	4.89461885603e-06
2311	1.95784754241e-05
8413	2.44730942801e-06
589	2.44730942801e-05
6850	2.44730942801e-06
11314	4.89461885603e-06
1635	4.89461885603e-06
1637	2.44730942801e-06
1638	2.44730942801e-06
1988	4.89461885603e-06
1989	2.44730942801e-06
7097	2.44730942801e-06
568	1.71311659961e-05
569	1.46838565681e-05
2816	2.44730942801e-06
560	2.20257848521e-05
561	1.46838565681e-05
562	3.42623319922e-05
563	2.20257848521e-05
564	1.22365471401e-05
565	2.93677131362e-05
566	1.22365471401e-05
567	2.20257848521e-05
14705	2.44730942801e-06
14704	3.91569508482e-05
12769	4.89461885603e-06
1189	2.44730942801e-06
1182	2.44730942801e-06
1183	2.44730942801e-06
726	7.34192828404e-06
727	1.22365471401e-05
724	4.89461885603e-06
1480	2.44730942801e-06
722	1.22365471401e-05
723	1.46838565681e-05
720	2.44730942801e-06
12410	2.44730942801e-06
1744	2.44730942801e-06
1745	1.71311659961e-05
1746	1.95784754241e-05
1747	1.22365471401e-05
1740	2.44730942801e-06
1741	2.44730942801e-06
1742	4.89461885603e-06
1486	4.89461885603e-06
1164	2.44730942801e-06
1165	2.44730942801e-06
1167	2.44730942801e-06
6491	2.44730942801e-06
21469	4.89461885603e-06
640	2.44730942801e-06
1163	2.44730942801e-06
1484	2.44730942801e-06
5521	2.44730942801e-06
5522	4.89461885603e-06
21388	4.89461885603e-06
83	0.000763560541541
6945	2.44730942801e-06
8480	2.44730942801e-06
14411	2.44730942801e-06
11177	2.44730942801e-06
48	0.00197987332726
11174	4.89461885603e-06
46	0.000991160318346
86	0.00058001233444
14419	4.89461885603e-06
45	0.000447857625327
42	0.00413105831449
43	0.00240815247717
40	0.00809080496902
41	0.00549176235647
1298	2.44730942801e-06
84	0.000658326236136
1293	2.44730942801e-06
1562	2.44730942801e-06
1564	2.44730942801e-06
1565	2.44730942801e-06
1566	2.44730942801e-06
1567	2.44730942801e-06
1360	2.44730942801e-06
1206	2.44730942801e-06
12554	2.44730942801e-06
8000	7.34192828404e-06
8001	2.44730942801e-06
21500	4.89461885603e-06
7460	2.44730942801e-06
5639	2.44730942801e-06
5636	4.89461885603e-06
5633	2.44730942801e-06
472	7.34192828404e-06
473	9.78923771206e-06
1364	2.44730942801e-06
471	5.38408074163e-05
476	9.78923771206e-06
1363	2.44730942801e-06
474	2.44730942801e-06
475	7.34192828404e-06
478	7.34192828404e-06
479	2.44730942801e-06
7466	2.44730942801e-06
