-1,0.0525664123093
0,0.0575538567484
1,0.0391668579564
2,0.00962940806848
3,0.0222174303184
4,0.0170120315431
5,0.0150805851378
6,0.00989837299407
7,0.0227831841274
8,0.00527727733298
9,0.0158990732303
10,0.00803184915705
11,0.0114588332951
12,0.0107307730655
13,0.00614445735167
14,0.00851876841888
15,0.0209166602903
16,0.0199752830508
17,0.00930711389042
18,0.0243390071021
19,0.0256676010879
20,0.016307157945
21,0.00957144148969
22,0.0175731480258
23,0.00959462812121
24,0.00208215951011
25,0.00918422474338
26,0.00500135641794
27,0.00200564362611
28,0.00802025584129
29,0.00363334515852
30,0.00134482462791
31,0.00643429024562
32,0.00226997122539
33,0.0595803683428
34,0.0708513899226
35,0.00201955560502
36,0.00250647486685
37,0.00268269326637
38,0.00158364693252
39,0.00519612412268
40,0.0076655003791
41,0.00520308011213
42,0.00391390339986
43,0.00228156454115
44,0.00479035807115
45,0.000424315356738
46,0.000939058576387
47,0.0162955646293
48,0.00187579848962
49,0.00211925812054
50,0.000927465260629
51,0.000493875251285
52,0.000558797819529
53,0.000876454671295
54,0.000542567177468
55,0.022456252623
56,0.0122332667877
57,0.00488542326037
58,0.00344321478009
59,0.00867643751319
60,0.000959926544751
61,0.000802257450444
62,0.000809213439899
63,0.0169355156591
64,0.000491556588134
65,0.000772114829474
66,0.000498512577588
67,0.0194489465154
68,0.000496193914437
69,0.000547204503771
70,0.00238358571982
71,0.0427028192625
72,0.000602852419409
73,0.000874136008143
74,0.00627662115131
75,0.000524017872256
76,0.000391854072616
77,0.000482281935527
78,0.000435908672496
79,0.000704873598078
80,0.000547204503771
81,0.000651544345592
82,0.000628357714076
83,0.000723422903291
84,0.000623720387773
85,0.000558797819529
86,0.000549523166923
87,0.000510105893346
88,0.00054488584062
89,0.000577347124742
90,0.000565753808984
91,0.000927465260629
92,0.000614445735167
93,0.00276848380298
94,0.00075124686111
95,0.000507787230195
96,0.000345480809584
97,0.000554160493226
98,0.00129613270173
99,0.0013262753227
100,0.000345480809584
101,0.000449820651405
102,0.000639951029834
103,0.000268964925583
104,0.000319975514917
105,0.000289832893947
106,0.000433590009344
107,0.00177377731095
108,0.000394172735767
109,0.00621169858306
110,0.000403447388374
111,0.000229547652006
112,0.000278239578189
113,0.000684005629714
114,0.000150713104852
115,0.000153031768004
116,0.000104339841821
117,0.000129845136488
118,0.000178537062671
119,0.000166943746913
120,0.00023650364146
121,0.000271283588734
122,0.00209607148902
123,0.000157669094307
124,0.000217954336248
125,0.000183174388974
126,0.000204042357338
127,0.000134482462791
128,0.000127526473337
129,0.000213317009945
130,0.000222591662551
131,0.000180855725823
132,0.000185493052126
133,0.000169262410065
134,0.000194767704732
135,0.000220272999399
136,0.000241140967764
137,0.00032461284122
138,0.000317656851766
139,0.000426634019889
140,0.000438227335647
141,0.000301426209705
142,0.000496193914437
143,0.000347799472736
144,0.000301426209705
145,0.000333887493827
146,0.000466051293466
147,0.000489237924982
148,0.000292151557098
149,0.000352436799039
150,0.000364030114797
151,0.000389535409464
152,0.000319975514917
153,0.000296788883401
154,0.000359392788494
155,0.000491556588134
156,0.00139583521725
157,0.000542567177468
158,0.000301426209705
159,0.00032461284122
160,0.000303744872856
161,0.000709510924381
162,0.000915871944871
163,0.000985431839419
164,0.00137728591203
165,0.000704873598078
166,0.000519380545952
167,0.000948333228993
168,0.00115469424948
169,0.000857905366082
170,0.000644588356137
171,0.00104803574451
172,0.000843993387173
173,0.00100166248148
174,0.000623720387773
175,0.00069328028232
176,0.00133554997531
177,0.000934421250084
178,0.000540248514317
179,0.000442864661951
180,0.000563435145832
181,0.000227228988854
182,0.000199405031035
183,0.00045677664086
184,0.000359392788494
185,0.000380260756858
186,0.00038257942001
187,0.000308382199159
188,0.000347799472736
189,0.000143757115398
190,0.000243459630915
191,0.000204042357338
192,0.000194767704732
193,0.00020636102049
194,0.000146075778549
195,0.000424315356738
196,7.41972208503e-05
197,0.000173899736368
198,0.00028055824134
199,7.65158840019e-05
200,0.000208679683642
201,0.000113614494427
202,0.000187811715277
203,0.00111295831276
204,0.000139119789094
205,0.000215635673096
206,0.000127526473337
207,8.81091997598e-05
208,0.000150713104852
209,0.000134482462791
210,0.000278239578189
211,0.000159987757459
212,0.000210998346793
213,0.000187811715277
214,0.000127526473337
215,0.00013216379964
216,0.000359392788494
217,0.000292151557098
218,0.000310700862311
219,0.000215635673096
220,0.000108977168124
221,0.00038257942001
222,0.000855586702931
223,0.000148394441701
224,0.000104339841821
225,0.000111295831276
226,0.000106658504972
227,0.000102021178669
228,0.000143757115398
229,0.000153031768004
230,0.000166943746913
231,0.00020636102049
232,0.000129845136488
233,0.000660818998198
234,0.000364030114797
235,0.000127526473337
236,0.000273602251886
237,0.000159987757459
238,0.000185493052126
239,0.00111527697591
240,0.000229547652006
241,0.000215635673096
242,5.56479156378e-05
243,0.000164625083762
244,8.57905366082e-05
245,7.65158840019e-05
246,8.11532103051e-05
247,0.00013216379964
248,0.000315338188614
249,0.000345480809584
250,0.000159987757459
251,0.000127526473337
252,8.34718734566e-05
253,8.81091997598e-05
254,9.97025155177e-05
255,0.00011825182073
256,0.000125207810185
257,9.04278629114e-05
258,0.000169262410065
259,7.18785576988e-05
260,6.72412313956e-05
261,0.000169262410065
262,6.72412313956e-05
263,0.000141438452246
264,0.000115933157579
265,7.65158840019e-05
266,9.27465260629e-05
267,7.88345471535e-05
268,9.73838523661e-05
269,0.000127526473337
270,6.49225682441e-05
271,6.95598945472e-05
272,8.81091997598e-05
273,7.88345471535e-05
274,0.000129845136488
275,0.000431271346193
276,0.000282876904492
277,0.000326931504372
278,0.000521699209104
279,0.000204042357338
280,0.000308382199159
281,0.000268964925583
282,0.000517061882801
283,0.000159987757459
284,0.00333191894881
285,0.000122889147033
286,0.000104339841821
287,4.8691926183e-05
288,0.000229547652006
289,3.70986104252e-05
290,0.000183174388974
291,0.0484183239312
292,2.08679683642e-05
293,3.01426209705e-05
294,2.08679683642e-05
295,6.26039050925e-05
296,6.95598945472e-05
297,3.47799472736e-05
298,2.08679683642e-05
299,2.08679683642e-05
300,3.47799472736e-05
301,6.72412313956e-05
302,5.10105893346e-05
303,3.01426209705e-05
304,4.17359367283e-05
305,3.47799472736e-05
306,5.56479156378e-05
307,7.88345471535e-05
308,0.000171581073216
309,1.15933157579e-05
310,2.55052946673e-05
311,1.85493052126e-05
312,1.39119789094e-05
313,7.18785576988e-05
314,5.79665787893e-05
315,4.40545998799e-05
316,0.00013216379964
317,1.6230642061e-05
318,4.40545998799e-05
319,1.6230642061e-05
320,9.27465260629e-06
321,2.55052946673e-05
322,3.47799472736e-05
323,3.47799472736e-05
324,2.78239578189e-05
325,2.31866315157e-05
326,3.01426209705e-05
327,1.6230642061e-05
328,1.15933157579e-05
329,2.55052946673e-05
330,8.57905366082e-05
331,2.31866315157e-05
332,6.72412313956e-05
333,9.73838523661e-05
334,0.000213317009945
335,4.63732630315e-06
336,1.6230642061e-05
337,1.6230642061e-05
338,1.6230642061e-05
339,2.31866315157e-05
340,9.27465260629e-06
341,2.31866315157e-05
342,2.55052946673e-05
343,1.6230642061e-05
344,3.2461284122e-05
345,1.15933157579e-05
346,3.2461284122e-05
347,2.08679683642e-05
348,4.40545998799e-05
349,9.50651892145e-05
350,2.55052946673e-05
351,8.57905366082e-05
352,4.63732630315e-06
353,2.31866315157e-06
354,2.08679683642e-05
355,1.15933157579e-05
356,1.85493052126e-05
357,2.08679683642e-05
358,2.31866315157e-05
359,4.8691926183e-05
360,3.01426209705e-05
361,1.15933157579e-05
362,1.85493052126e-05
363,6.95598945472e-06
364,1.85493052126e-05
365,1.15933157579e-05
366,2.31866315157e-05
367,1.15933157579e-05
368,1.6230642061e-05
369,9.27465260629e-06
370,3.47799472736e-05
371,1.15933157579e-05
372,2.08679683642e-05
373,1.15933157579e-05
374,9.27465260629e-06
375,9.27465260629e-06
376,1.85493052126e-05
377,4.63732630315e-06
378,1.15933157579e-05
379,4.63732630315e-06
380,6.95598945472e-06
381,2.31866315157e-05
382,2.08679683642e-05
383,2.31866315157e-06
384,4.63732630315e-06
385,2.31866315157e-06
386,3.47799472736e-05
387,1.39119789094e-05
388,6.95598945472e-06
389,4.63732630315e-06
390,2.55052946673e-05
391,1.85493052126e-05
392,1.39119789094e-05
393,9.27465260629e-06
394,1.39119789094e-05
395,3.2461284122e-05
396,0.000141438452246
397,9.27465260629e-06
398,1.6230642061e-05
399,3.2461284122e-05
400,1.15933157579e-05
401,2.55052946673e-05
402,9.27465260629e-06
403,4.8691926183e-05
404,1.39119789094e-05
405,3.94172735767e-05
406,6.95598945472e-06
407,9.27465260629e-06
408,2.55052946673e-05
409,1.85493052126e-05
410,1.6230642061e-05
411,4.63732630315e-06
412,2.31866315157e-06
413,1.15933157579e-05
414,4.63732630315e-06
415,6.95598945472e-06
416,9.27465260629e-06
417,9.04278629114e-05
418,4.63732630315e-06
419,4.63732630315e-06
420,4.63732630315e-06
421,2.31866315157e-06
423,3.70986104252e-05
424,1.6230642061e-05
425,6.95598945472e-06
426,9.27465260629e-06
427,2.31866315157e-06
428,1.6230642061e-05
429,1.39119789094e-05
430,8.57905366082e-05
431,3.01426209705e-05
432,2.31866315157e-06
433,1.39119789094e-05
434,6.95598945472e-06
435,2.31866315157e-06
436,6.95598945472e-06
437,4.63732630315e-06
438,2.31866315157e-06
439,4.63732630315e-06
440,6.95598945472e-06
442,4.40545998799e-05
443,9.27465260629e-06
444,1.85493052126e-05
445,2.31866315157e-05
446,1.6230642061e-05
447,3.70986104252e-05
448,4.40545998799e-05
449,6.95598945472e-06
450,6.95598945472e-06
451,2.78239578189e-05
452,4.63732630315e-06
453,6.95598945472e-06
454,9.27465260629e-06
455,5.10105893346e-05
456,5.10105893346e-05
457,4.63732630315e-06
458,1.39119789094e-05
459,4.63732630315e-06
460,4.40545998799e-05
461,6.95598945472e-06
463,6.95598945472e-06
464,2.55052946673e-05
465,9.27465260629e-06
466,1.15933157579e-05
467,9.27465260629e-06
468,5.79665787893e-05
469,6.95598945472e-06
470,9.27465260629e-06
471,5.10105893346e-05
472,6.95598945472e-06
473,9.27465260629e-06
474,2.31866315157e-06
475,6.95598945472e-06
476,9.27465260629e-06
477,4.8691926183e-05
478,6.95598945472e-06
479,2.31866315157e-06
480,2.08679683642e-05
482,2.31866315157e-06
483,6.95598945472e-06
484,6.95598945472e-06
485,2.31866315157e-06
486,2.31866315157e-06
487,2.31866315157e-06
488,6.95598945472e-06
489,2.31866315157e-06
490,3.47799472736e-05
491,9.27465260629e-06
493,4.63732630315e-06
494,3.2461284122e-05
495,6.95598945472e-06
496,9.27465260629e-06
497,2.31866315157e-05
498,1.39119789094e-05
499,9.27465260629e-06
500,1.39119789094e-05
501,9.04278629114e-05
502,9.27465260629e-06
503,4.17359367283e-05
504,9.27465260629e-06
505,1.15933157579e-05
506,1.39119789094e-05
507,4.63732630315e-06
508,6.95598945472e-06
509,6.95598945472e-06
510,6.95598945472e-06
511,6.95598945472e-06
512,2.31866315157e-06
513,6.95598945472e-06
514,1.15933157579e-05
515,1.39119789094e-05
516,2.31866315157e-06
517,6.95598945472e-06
518,2.31866315157e-06
519,2.31866315157e-06
520,6.95598945472e-06
521,4.63732630315e-06
523,4.63732630315e-06
524,4.63732630315e-06
525,4.63732630315e-06
526,1.6230642061e-05
527,6.95598945472e-06
528,6.95598945472e-06
529,6.95598945472e-06
530,2.31866315157e-05
531,1.15933157579e-05
532,4.63732630315e-06
533,4.63732630315e-06
534,4.63732630315e-06
535,9.27465260629e-06
536,2.31866315157e-06
538,9.27465260629e-06
539,1.15933157579e-05
540,9.27465260629e-06
541,2.31866315157e-06
542,1.39119789094e-05
543,6.95598945472e-06
544,4.63732630315e-06
545,2.31866315157e-06
546,2.31866315157e-05
547,9.27465260629e-06
548,4.63732630315e-06
549,9.27465260629e-06
550,9.27465260629e-06
551,1.15933157579e-05
552,3.01426209705e-05
553,4.63732630315e-05
554,1.6230642061e-05
555,2.08679683642e-05
556,3.47799472736e-05
557,1.6230642061e-05
558,2.31866315157e-05
559,1.6230642061e-05
560,2.08679683642e-05
561,1.39119789094e-05
562,3.2461284122e-05
563,2.08679683642e-05
564,1.15933157579e-05
565,2.78239578189e-05
566,1.15933157579e-05
567,2.08679683642e-05
568,1.6230642061e-05
569,1.39119789094e-05
570,3.94172735767e-05
571,9.27465260629e-06
572,1.15933157579e-05
573,1.6230642061e-05
574,5.10105893346e-05
575,2.31866315157e-05
576,4.40545998799e-05
577,9.27465260629e-06
578,1.39119789094e-05
579,6.95598945472e-06
580,2.55052946673e-05
581,6.95598945472e-06
582,9.27465260629e-06
583,1.85493052126e-05
584,9.27465260629e-06
585,4.63732630315e-06
586,0.000122889147033
587,1.39119789094e-05
588,9.27465260629e-06
589,2.31866315157e-05
590,1.6230642061e-05
591,1.15933157579e-05
592,2.31866315157e-05
593,3.94172735767e-05
594,1.39119789094e-05
595,3.94172735767e-05
596,2.08679683642e-05
597,1.39119789094e-05
598,2.55052946673e-05
599,5.56479156378e-05
600,6.95598945472e-06
601,3.70986104252e-05
602,1.39119789094e-05
603,4.63732630315e-06
605,6.95598945472e-06
606,6.95598945472e-06
607,2.31866315157e-06
608,1.39119789094e-05
609,4.63732630315e-06
610,8.81091997598e-05
611,6.95598945472e-06
612,4.17359367283e-05
613,2.31866315157e-06
615,2.31866315157e-06
616,9.27465260629e-06
617,2.78239578189e-05
618,2.31866315157e-06
619,2.31866315157e-06
621,2.31866315157e-06
622,6.95598945472e-06
623,4.63732630315e-06
624,4.63732630315e-06
625,2.31866315157e-06
629,6.95598945472e-06
632,7.65158840019e-05
633,2.31866315157e-06
634,2.31866315157e-06
636,2.31866315157e-06
639,3.47799472736e-05
640,2.31866315157e-06
641,2.31866315157e-06
643,2.31866315157e-06
644,2.31866315157e-06
646,4.63732630315e-06
647,6.95598945472e-06
648,4.63732630315e-06
649,2.31866315157e-06
650,4.63732630315e-06
651,1.15933157579e-05
652,6.95598945472e-06
653,4.63732630315e-06
654,6.95598945472e-06
655,6.95598945472e-06
656,6.95598945472e-06
658,4.63732630315e-06
659,4.63732630315e-06
660,2.31866315157e-06
661,1.39119789094e-05
662,2.31866315157e-06
663,4.63732630315e-06
664,9.27465260629e-06
665,4.63732630315e-06
667,2.31866315157e-06
668,2.31866315157e-06
669,2.31866315157e-06
671,2.31866315157e-06
672,2.31866315157e-06
674,4.63732630315e-06
676,9.27465260629e-06
677,6.95598945472e-06
678,9.27465260629e-06
679,6.95598945472e-06
681,6.95598945472e-06
683,6.95598945472e-06
684,2.31866315157e-06
685,4.63732630315e-06
687,1.39119789094e-05
688,4.63732630315e-06
690,2.31866315157e-06
691,2.31866315157e-06
693,4.63732630315e-06
694,2.31866315157e-06
695,2.31866315157e-06
698,2.31866315157e-06
700,2.31866315157e-06
701,2.31866315157e-06
704,2.31866315157e-06
705,4.63732630315e-06
708,4.63732630315e-06
709,6.95598945472e-06
711,6.95598945472e-06
712,6.95598945472e-06
713,6.95598945472e-06
714,4.63732630315e-06
715,2.31866315157e-06
716,4.63732630315e-06
717,4.63732630315e-06
718,2.31866315157e-06
719,6.95598945472e-06
720,2.31866315157e-06
721,6.95598945472e-06
722,1.15933157579e-05
723,1.39119789094e-05
724,4.63732630315e-06
725,6.95598945472e-06
726,6.95598945472e-06
727,1.15933157579e-05
728,9.27465260629e-06
729,9.27465260629e-06
730,2.31866315157e-05
731,6.95598945472e-06
732,9.27465260629e-06
733,2.55052946673e-05
734,1.39119789094e-05
735,4.63732630315e-06
736,4.63732630315e-06
737,6.95598945472e-06
738,1.15933157579e-05
739,4.63732630315e-06
740,2.31866315157e-06
742,2.31866315157e-06
743,3.47799472736e-05
744,4.63732630315e-06
745,4.63732630315e-06
746,6.95598945472e-06
747,9.27465260629e-06
748,6.95598945472e-06
749,4.63732630315e-06
750,6.95598945472e-06
752,2.31866315157e-06
753,4.63732630315e-06
754,6.95598945472e-06
755,6.95598945472e-06
756,6.95598945472e-06
757,6.95598945472e-06
758,2.31866315157e-06
759,4.63732630315e-06
760,4.63732630315e-06
761,9.27465260629e-06
762,9.27465260629e-06
763,9.27465260629e-06
764,1.15933157579e-05
765,6.95598945472e-06
766,9.27465260629e-06
767,2.31866315157e-06
768,6.95598945472e-06
769,2.31866315157e-06
770,1.15933157579e-05
771,2.31866315157e-05
772,6.95598945472e-06
773,1.6230642061e-05
774,1.15933157579e-05
775,1.39119789094e-05
776,4.63732630315e-06
777,1.6230642061e-05
778,1.85493052126e-05
779,2.08679683642e-05
780,2.31866315157e-06
781,1.6230642061e-05
782,9.27465260629e-06
783,4.63732630315e-06
784,2.31866315157e-06
785,9.27465260629e-06
786,6.95598945472e-06
787,2.31866315157e-06
788,9.27465260629e-06
789,2.31866315157e-06
792,2.31866315157e-06
795,2.31866315157e-06
798,2.31866315157e-06
799,2.31866315157e-06
800,4.63732630315e-06
801,9.27465260629e-06
802,4.63732630315e-06
803,9.27465260629e-06
804,7.18785576988e-05
805,6.95598945472e-06
806,2.31866315157e-05
807,1.39119789094e-05
808,2.31866315157e-06
809,3.01426209705e-05
811,9.27465260629e-06
812,0.00017621839952
813,4.63732630315e-06
814,6.95598945472e-06
815,9.27465260629e-06
816,2.31866315157e-06
817,9.27465260629e-06
818,2.31866315157e-06
819,4.63732630315e-06
825,2.31866315157e-06
826,2.31866315157e-06
827,9.27465260629e-06
830,2.31866315157e-06
831,9.27465260629e-06
832,2.31866315157e-06
834,4.63732630315e-06
836,2.78239578189e-05
837,4.63732630315e-05
838,4.63732630315e-06
839,2.31866315157e-05
840,6.95598945472e-06
842,2.31866315157e-06
844,1.39119789094e-05
846,4.63732630315e-06
847,4.63732630315e-06
848,4.63732630315e-06
849,2.31866315157e-06
850,9.27465260629e-06
851,9.27465260629e-06
852,6.95598945472e-06
853,2.31866315157e-06
854,2.31866315157e-06
855,2.31866315157e-06
856,2.31866315157e-06
857,4.63732630315e-06
858,4.63732630315e-06
859,4.63732630315e-06
860,2.31866315157e-06
861,6.95598945472e-06
862,2.31866315157e-06
863,4.63732630315e-06
864,6.95598945472e-06
865,4.63732630315e-06
866,4.63732630315e-06
867,4.63732630315e-06
868,1.15933157579e-05
869,2.31866315157e-06
870,4.63732630315e-06
871,2.31866315157e-06
872,2.31866315157e-06
875,2.31866315157e-06
877,2.31866315157e-06
878,2.31866315157e-06
879,2.31866315157e-06
880,2.31866315157e-06
882,9.27465260629e-06
883,2.31866315157e-06
884,2.31866315157e-06
885,2.31866315157e-06
886,2.31866315157e-06
889,2.31866315157e-06
891,2.31866315157e-06
892,4.63732630315e-06
893,2.31866315157e-06
894,2.31866315157e-06
895,2.31866315157e-06
897,2.31866315157e-06
900,1.15933157579e-05
901,2.31866315157e-06
902,2.31866315157e-06
905,4.63732630315e-06
906,2.31866315157e-06
907,4.63732630315e-06
911,6.95598945472e-06
913,4.63732630315e-06
914,6.95598945472e-06
915,4.63732630315e-06
916,7.18785576988e-05
917,1.15933157579e-05
918,4.40545998799e-05
919,9.27465260629e-06
920,4.63732630315e-06
921,4.63732630315e-06
922,2.31866315157e-06
923,4.63732630315e-06
924,2.31866315157e-06
925,2.31866315157e-06
926,9.27465260629e-06
927,4.63732630315e-06
928,2.31866315157e-06
929,1.39119789094e-05
930,4.63732630315e-06
931,3.94172735767e-05
932,4.63732630315e-06
933,4.63732630315e-06
934,2.31866315157e-06
936,2.31866315157e-06
937,2.31866315157e-06
938,1.39119789094e-05
940,2.31866315157e-06
944,4.63732630315e-06
945,4.63732630315e-06
946,6.95598945472e-06
947,4.63732630315e-06
948,2.31866315157e-06
949,2.31866315157e-06
950,4.63732630315e-06
951,9.27465260629e-06
952,6.95598945472e-06
953,6.95598945472e-06
954,2.31866315157e-06
955,1.39119789094e-05
956,2.31866315157e-06
957,2.31866315157e-06
958,4.63732630315e-06
959,4.63732630315e-06
960,2.31866315157e-06
961,4.63732630315e-06
962,2.31866315157e-06
971,2.31866315157e-06
975,4.63732630315e-06
976,2.31866315157e-06
978,2.31866315157e-06
980,2.31866315157e-06
981,2.31866315157e-06
982,2.31866315157e-06
984,2.31866315157e-06
985,2.31866315157e-06
988,2.31866315157e-06
989,2.31866315157e-06
992,4.63732630315e-06
998,2.31866315157e-06
1000,2.31866315157e-06
1002,2.31866315157e-06
1005,2.31866315157e-06
1006,2.31866315157e-06
1008,2.31866315157e-06
1010,2.31866315157e-06
1013,2.31866315157e-06
1014,2.31866315157e-06
1022,2.31866315157e-06
1024,2.31866315157e-06
1026,2.31866315157e-06
1034,2.31866315157e-06
1038,2.31866315157e-06
1039,2.31866315157e-06
1041,4.63732630315e-06
1043,2.31866315157e-06
1047,4.63732630315e-06
1048,2.31866315157e-06
1049,2.31866315157e-06
1050,2.31866315157e-06
1051,2.31866315157e-06
1054,6.95598945472e-06
1056,2.31866315157e-06
1061,2.31866315157e-06
1063,4.63732630315e-06
1064,2.31866315157e-06
1069,2.31866315157e-06
1070,4.63732630315e-06
1074,2.31866315157e-06
1076,2.31866315157e-06
1078,6.95598945472e-06
1080,6.95598945472e-06
1084,2.31866315157e-06
1085,2.31866315157e-06
1086,2.31866315157e-06
1089,2.31866315157e-06
1090,2.31866315157e-06
1091,9.27465260629e-06
1092,4.63732630315e-06
1093,4.63732630315e-06
1097,2.31866315157e-06
1098,4.63732630315e-06
1099,9.27465260629e-06
1100,6.95598945472e-06
1101,6.95598945472e-06
1105,2.31866315157e-06
1108,4.63732630315e-06
1109,4.63732630315e-06
1111,4.63732630315e-06
1112,2.31866315157e-06
1116,2.31866315157e-06
1120,2.31866315157e-06
1123,2.31866315157e-06
1125,2.31866315157e-06
1126,2.31866315157e-06
1128,2.31866315157e-06
1132,2.31866315157e-06
1136,6.95598945472e-06
1138,2.31866315157e-06
1139,4.63732630315e-06
1159,2.31866315157e-06
1163,2.31866315157e-06
1164,2.31866315157e-06
1165,2.31866315157e-06
1167,2.31866315157e-06
1172,6.95598945472e-06
1173,2.31866315157e-06
1174,2.31866315157e-06
1175,6.95598945472e-06
1179,2.31866315157e-06
1182,2.31866315157e-06
1183,2.31866315157e-06
1189,2.31866315157e-06
1195,2.31866315157e-06
1196,2.31866315157e-06
1201,2.31866315157e-06
1202,2.31866315157e-06
1205,2.31866315157e-06
1206,2.31866315157e-06
1208,2.31866315157e-06
1210,2.31866315157e-06
1212,2.31866315157e-06
1213,4.63732630315e-06
1216,4.63732630315e-06
1224,2.31866315157e-06
1225,2.31866315157e-06
1230,2.31866315157e-06
1233,2.31866315157e-06
1234,4.63732630315e-06
1235,4.63732630315e-06
1236,9.27465260629e-06
1237,4.63732630315e-06
1238,2.31866315157e-06
1239,2.31866315157e-06
1240,4.63732630315e-06
1241,2.31866315157e-06
1242,2.31866315157e-06
1243,2.31866315157e-06
1244,6.95598945472e-06
1245,6.95598945472e-06
1246,2.31866315157e-06
1247,2.31866315157e-06
1248,4.63732630315e-06
1250,4.63732630315e-06
1254,4.63732630315e-06
1255,2.31866315157e-06
1256,2.31866315157e-06
1257,2.31866315157e-06
1259,1.15933157579e-05
1260,2.31866315157e-06
1262,6.95598945472e-06
1265,6.95598945472e-06
1266,2.31866315157e-06
1267,1.6230642061e-05
1268,2.31866315157e-06
1269,2.31866315157e-06
1273,2.31866315157e-06
1277,2.31866315157e-06
1280,4.63732630315e-06
1281,2.31866315157e-06
1282,2.31866315157e-06
1283,2.31866315157e-06
1284,2.31866315157e-06
1285,2.31866315157e-06
1286,4.63732630315e-06
1287,2.31866315157e-06
1290,2.31866315157e-06
1293,2.31866315157e-06
1298,2.31866315157e-06
1302,2.31866315157e-06
1304,2.31866315157e-06
1305,2.31866315157e-06
1307,2.31866315157e-06
1308,1.39119789094e-05
1309,4.63732630315e-06
1310,9.27465260629e-06
1312,9.27465260629e-06
1313,2.31866315157e-06
1316,2.31866315157e-06
1318,4.63732630315e-06
1319,9.27465260629e-06
1320,2.31866315157e-06
1321,2.31866315157e-06
1323,4.63732630315e-06
1325,2.31866315157e-06
1335,2.31866315157e-06
1336,4.63732630315e-06
1337,4.63732630315e-06
1339,2.31866315157e-06
1341,4.63732630315e-06
1345,2.31866315157e-06
1347,4.63732630315e-06
1352,2.31866315157e-06
1353,2.31866315157e-05
1359,2.31866315157e-06
1360,2.31866315157e-06
1362,4.63732630315e-06
1363,2.31866315157e-06
1364,2.31866315157e-06
1367,2.31866315157e-06
1370,2.31866315157e-06
1372,4.63732630315e-06
1373,6.95598945472e-06
1374,2.78239578189e-05
1376,2.31866315157e-06
1377,2.31866315157e-06
1379,2.31866315157e-06
1382,2.31866315157e-06
1384,2.31866315157e-06
1389,4.63732630315e-06
1390,2.31866315157e-06
1392,2.31866315157e-06
1394,2.31866315157e-06
1396,2.31866315157e-06
1399,2.31866315157e-06
1400,2.08679683642e-05
1405,2.31866315157e-06
1406,2.31866315157e-06
1407,2.31866315157e-06
1408,2.31866315157e-06
1414,6.95598945472e-06
1418,6.95598945472e-06
1419,2.31866315157e-06
1420,2.31866315157e-06
1421,4.63732630315e-06
1422,1.39119789094e-05
1424,6.95598945472e-06
1428,2.31866315157e-06
1430,2.31866315157e-05
1434,2.31866315157e-06
1435,2.31866315157e-06
1436,4.63732630315e-06
1437,2.31866315157e-06
1438,2.31866315157e-06
1439,4.63732630315e-06
1440,4.63732630315e-06
1441,4.63732630315e-06
1442,4.63732630315e-06
1443,4.63732630315e-06
1444,6.95598945472e-06
1445,4.63732630315e-06
1446,4.63732630315e-06
1447,2.31866315157e-06
1448,2.31866315157e-06
1449,1.15933157579e-05
1450,2.31866315157e-06
1451,2.31866315157e-06
1452,2.31866315157e-06
1453,4.63732630315e-06
1454,2.31866315157e-06
1455,4.63732630315e-06
1461,9.27465260629e-06
1462,4.63732630315e-06
1463,2.31866315157e-06
1464,4.63732630315e-06
1465,1.85493052126e-05
1466,4.63732630315e-06
1467,2.31866315157e-06
1468,4.63732630315e-06
1470,2.31866315157e-06
1471,2.31866315157e-06
1473,2.08679683642e-05
1480,2.31866315157e-06
1481,2.31866315157e-06
1482,4.63732630315e-06
1483,2.31866315157e-06
1484,2.31866315157e-06
1485,2.31866315157e-06
1486,4.63732630315e-06
1488,2.31866315157e-06
1493,6.95598945472e-06
1496,2.31866315157e-06
1500,2.31866315157e-06
1502,2.31866315157e-06
1506,2.31866315157e-06
1507,2.31866315157e-06
1509,2.31866315157e-06
1511,2.31866315157e-06
1518,2.31866315157e-06
1520,8.34718734566e-05
1523,2.31866315157e-06
1525,4.63732630315e-06
1528,2.31866315157e-05
1533,2.31866315157e-06
1535,6.95598945472e-06
1537,2.55052946673e-05
1539,2.31866315157e-06
1541,2.31866315157e-06
1543,6.02852419409e-05
1544,3.01426209705e-05
1545,4.63732630315e-06
1549,4.63732630315e-06
1552,2.31866315157e-06
1558,2.31866315157e-06
1559,2.31866315157e-06
1562,2.31866315157e-06
1564,2.31866315157e-06
1565,2.31866315157e-06
1566,2.31866315157e-06
1567,2.31866315157e-06
1571,2.31866315157e-06
1575,2.31866315157e-06
1576,2.31866315157e-06
1578,2.31866315157e-06
1579,2.31866315157e-06
1580,2.31866315157e-06
1581,4.63732630315e-06
1584,2.31866315157e-06
1585,2.31866315157e-06
1590,2.31866315157e-06
1596,2.31866315157e-06
1607,4.63732630315e-06
1609,4.63732630315e-06
1612,1.39119789094e-05
1613,1.15933157579e-05
1614,4.63732630315e-06
1615,4.63732630315e-06
1616,6.95598945472e-06
1617,7.41972208503e-05
1618,4.63732630315e-06
1619,4.63732630315e-06
1620,0.000178537062671
1622,2.31866315157e-06
1623,2.31866315157e-06
1624,2.31866315157e-06
1626,4.63732630315e-06
1628,2.31866315157e-06
1629,4.63732630315e-06
1635,4.63732630315e-06
1637,2.31866315157e-06
1638,2.31866315157e-06
1644,2.31866315157e-06
1647,2.31866315157e-06
1648,4.63732630315e-06
1649,2.31866315157e-06
1651,2.31866315157e-06
1658,2.31866315157e-06
1668,2.31866315157e-06
1670,2.31866315157e-06
1671,2.31866315157e-06
1674,2.31866315157e-06
1676,2.31866315157e-06
1679,4.63732630315e-06
1680,2.31866315157e-06
1681,4.63732630315e-06
1682,2.31866315157e-06
1683,2.31866315157e-06
1684,2.31866315157e-06
1688,2.31866315157e-06
1690,4.63732630315e-06
1695,2.31866315157e-06
1704,2.31866315157e-06
1714,2.31866315157e-06
1716,2.31866315157e-06
1717,2.31866315157e-06
1720,4.63732630315e-06
1721,2.31866315157e-06
1722,2.31866315157e-06
1723,2.31866315157e-06
1724,4.63732630315e-06
1725,2.31866315157e-06
1729,2.31866315157e-06
1733,2.31866315157e-06
1739,2.31866315157e-06
1740,2.31866315157e-06
1741,2.31866315157e-06
1742,4.63732630315e-06
1743,4.63732630315e-06
1744,2.31866315157e-06
1745,1.6230642061e-05
1746,1.85493052126e-05
1747,1.15933157579e-05
1748,2.31866315157e-06
1749,6.95598945472e-06
1750,2.31866315157e-06
1751,2.31866315157e-06
1752,6.95598945472e-06
1753,2.31866315157e-06
1754,4.63732630315e-06
1755,2.31866315157e-06
1756,4.63732630315e-06
1757,2.31866315157e-06
1758,2.31866315157e-06
1759,2.31866315157e-06
1763,2.31866315157e-06
1765,2.31866315157e-06
1766,2.31866315157e-06
1774,2.31866315157e-06
1787,2.31866315157e-06
1809,2.31866315157e-06
1810,2.31866315157e-06
1820,2.31866315157e-06
1822,3.01426209705e-05
1833,2.31866315157e-06
1835,2.31866315157e-06
1844,4.63732630315e-06
1860,2.31866315157e-06
1865,2.31866315157e-06
1871,2.31866315157e-06
1873,2.31866315157e-06
1883,2.31866315157e-06
1888,2.31866315157e-06
1894,2.31866315157e-06
1898,4.63732630315e-06
1904,2.31866315157e-06
1905,2.31866315157e-06
1908,4.63732630315e-06
1916,2.31866315157e-06
1929,2.31866315157e-06
1935,2.31866315157e-06
1940,2.31866315157e-06
1943,2.31866315157e-06
1944,2.31866315157e-06
1945,2.31866315157e-06
1952,2.31866315157e-06
1961,2.31866315157e-06
1969,2.31866315157e-06
1977,2.31866315157e-06
1988,4.63732630315e-06
1989,2.31866315157e-06
1990,2.31866315157e-06
1991,4.63732630315e-06
1992,2.31866315157e-06
1994,2.31866315157e-06
2002,2.31866315157e-06
2004,2.31866315157e-06
2008,2.31866315157e-06
2017,2.31866315157e-06
2030,2.31866315157e-06
2035,2.31866315157e-06
2041,2.31866315157e-06
2048,2.31866315157e-06
2062,2.31866315157e-06
2063,2.31866315157e-06
2068,2.31866315157e-06
2072,2.31866315157e-06
2083,2.31866315157e-06
2100,2.31866315157e-06
2179,2.31866315157e-06
2184,2.31866315157e-06
2191,2.31866315157e-06
2207,2.31866315157e-06
2232,2.31866315157e-06
2234,2.31866315157e-06
2236,2.31866315157e-06
2253,4.63732630315e-06
2258,4.63732630315e-06
2268,2.31866315157e-06
2269,9.27465260629e-06
2271,4.63732630315e-06
2272,2.31866315157e-06
2273,4.63732630315e-06
2274,2.31866315157e-06
2278,2.31866315157e-06
2281,2.31866315157e-06
2288,2.31866315157e-06
2291,6.95598945472e-06
2301,2.31866315157e-06
2302,2.31866315157e-06
2308,2.31866315157e-06
2309,2.31866315157e-06
2311,1.85493052126e-05
2312,3.94172735767e-05
2313,2.78239578189e-05
2315,2.78239578189e-05
2317,4.63732630315e-06
2318,3.70986104252e-05
2325,5.10105893346e-05
2326,2.31866315157e-06
2328,4.63732630315e-06
2329,2.31866315157e-06
2332,2.31866315157e-06
2335,4.63732630315e-06
2336,6.26039050925e-05
2337,2.31866315157e-06
2338,4.63732630315e-06
2339,8.57905366082e-05
2340,3.94172735767e-05
2341,4.63732630315e-06
2343,2.31866315157e-06
2346,6.95598945472e-06
2350,6.95598945472e-06
2351,3.94172735767e-05
2352,5.10105893346e-05
2354,2.31866315157e-06
2361,2.31866315157e-06
2364,4.63732630315e-06
2378,2.31866315157e-06
2386,2.31866315157e-06
2408,2.31866315157e-06
2415,2.31866315157e-06
2434,2.31866315157e-06
2474,2.31866315157e-06
2475,2.31866315157e-06
2486,2.31866315157e-06
2505,2.31866315157e-06
2508,4.63732630315e-06
2569,2.31866315157e-06
2571,2.31866315157e-06
2572,2.31866315157e-06
2605,2.31866315157e-06
2629,2.31866315157e-06
2630,2.31866315157e-06
2652,2.31866315157e-06
2658,2.31866315157e-06
2678,4.63732630315e-06
2735,2.31866315157e-06
2771,4.63732630315e-06
2815,2.31866315157e-06
2816,2.31866315157e-06
2840,2.31866315157e-06
2857,2.31866315157e-06
2946,2.31866315157e-06
2968,4.63732630315e-06
2969,2.31866315157e-06
2971,1.15933157579e-05
2972,4.63732630315e-06
2973,4.63732630315e-06
2976,2.31866315157e-06
2979,2.08679683642e-05
2983,2.31866315157e-06
2985,2.31866315157e-06
3052,2.31866315157e-06
3054,4.63732630315e-06
3069,2.31866315157e-06
3103,4.63732630315e-06
3122,2.31866315157e-06
3123,2.31866315157e-06
3124,2.31866315157e-06
3246,2.31866315157e-06
3258,2.31866315157e-06
3261,2.31866315157e-06
3262,4.63732630315e-06
3324,4.63732630315e-06
3332,2.31866315157e-06
3335,2.31866315157e-06
3338,2.31866315157e-06
3341,2.31866315157e-06
3342,2.31866315157e-06
3343,2.31866315157e-06
3462,6.95598945472e-06
3480,2.31866315157e-06
3539,2.31866315157e-06
3581,2.31866315157e-06
3597,2.31866315157e-06
3601,2.31866315157e-06
3618,2.31866315157e-06
3627,2.31866315157e-06
3674,2.31866315157e-06
3675,2.31866315157e-06
3683,4.63732630315e-06
3685,6.95598945472e-06
3686,6.95598945472e-06
3689,4.63732630315e-06
3693,2.31866315157e-06
3695,2.31866315157e-06
3696,4.63732630315e-06
3699,2.31866315157e-06
3713,4.63732630315e-06
3734,2.31866315157e-06
3756,2.31866315157e-06
3835,2.31866315157e-06
3837,2.31866315157e-06
3845,2.31866315157e-06
3848,2.31866315157e-06
3868,2.31866315157e-06
3920,4.63732630315e-06
3922,2.31866315157e-06
3923,4.63732630315e-06
3976,2.31866315157e-06
3979,2.31866315157e-06
3983,2.31866315157e-06
3986,2.31866315157e-06
4018,6.95598945472e-06
4020,2.31866315157e-06
4021,4.63732630315e-06
4023,2.31866315157e-06
4033,2.31866315157e-06
4040,2.31866315157e-06
4041,4.63732630315e-06
4042,2.31866315157e-06
4043,2.31866315157e-06
4072,2.31866315157e-06
4073,4.63732630315e-06
4075,2.31866315157e-06
4076,2.31866315157e-06
4077,4.63732630315e-06
4080,6.95598945472e-06
4082,2.31866315157e-06
4083,4.63732630315e-06
4099,2.31866315157e-06
4100,4.63732630315e-06
4102,2.31866315157e-06
4103,4.63732630315e-06
4110,2.31866315157e-06
4118,4.63732630315e-06
4184,2.31866315157e-06
4194,2.31866315157e-06
4231,2.31866315157e-06
4233,2.31866315157e-06
4251,2.31866315157e-06
4252,2.31866315157e-06
4258,2.31866315157e-06
4265,2.31866315157e-06
4266,2.31866315157e-06
4267,2.31866315157e-06
4268,2.31866315157e-06
4289,2.31866315157e-06
4313,2.31866315157e-06
4340,2.31866315157e-06
4344,2.31866315157e-06
4369,2.31866315157e-06
4374,2.31866315157e-06
4375,2.31866315157e-06
4385,2.31866315157e-06
4387,2.31866315157e-06
4388,2.31866315157e-06
4405,2.31866315157e-06
4409,2.31866315157e-06
4414,2.31866315157e-06
4418,4.63732630315e-06
4433,2.31866315157e-06
4435,2.31866315157e-06
4436,2.31866315157e-06
4437,2.31866315157e-06
4442,2.31866315157e-06
4484,2.31866315157e-06
4507,2.31866315157e-06
4511,2.31866315157e-06
4512,4.63732630315e-06
4513,2.31866315157e-06
4532,2.31866315157e-06
4547,2.31866315157e-06
4578,2.31866315157e-06
4585,2.31866315157e-06
4586,2.31866315157e-06
4587,2.31866315157e-06
4588,2.31866315157e-06
4589,2.31866315157e-06
4590,2.31866315157e-06
4591,2.31866315157e-06
4592,2.31866315157e-06
4593,2.31866315157e-06
4594,2.31866315157e-06
4595,2.31866315157e-06
4596,2.31866315157e-06
4612,2.31866315157e-06
4617,2.31866315157e-06
4618,6.95598945472e-06
4620,2.31866315157e-06
4621,4.63732630315e-06
4628,2.31866315157e-06
4630,4.63732630315e-06
4634,2.31866315157e-06
4638,2.31866315157e-06
4645,2.31866315157e-06
4648,4.63732630315e-06
4652,4.63732630315e-06
4655,4.63732630315e-06
4656,3.2461284122e-05
4657,3.2461284122e-05
4672,2.31866315157e-06
4678,2.31866315157e-06
4681,2.31866315157e-06
4688,2.31866315157e-06
4697,2.78239578189e-05
4698,1.6230642061e-05
4699,6.95598945472e-06
4712,4.63732630315e-06
4713,2.31866315157e-06
4716,4.63732630315e-06
4721,2.31866315157e-06
4732,2.31866315157e-06
4740,2.31866315157e-06
4744,2.31866315157e-06
4745,4.63732630315e-06
4746,2.31866315157e-06
4747,2.31866315157e-06
4748,4.63732630315e-06
4761,2.31866315157e-06
4764,4.63732630315e-06
4765,4.63732630315e-06
4768,2.31866315157e-06
4772,2.31866315157e-06
4773,4.63732630315e-06
4775,2.31866315157e-06
4776,4.63732630315e-06
4780,2.31866315157e-06
4789,2.31866315157e-06
4801,2.31866315157e-06
4810,2.31866315157e-06
4862,2.31866315157e-06
4871,2.31866315157e-06
4888,2.31866315157e-06
4892,2.31866315157e-06
4899,2.31866315157e-06
4915,2.31866315157e-06
4919,2.31866315157e-06
4921,2.31866315157e-06
4925,4.63732630315e-06
4926,2.31866315157e-06
4953,2.31866315157e-06
4961,2.31866315157e-06
4962,2.31866315157e-06
4963,2.31866315157e-06
4985,2.31866315157e-06
4987,6.95598945472e-06
4988,2.31866315157e-06
4989,2.31866315157e-06
4992,2.31866315157e-06
5009,2.31866315157e-06
5012,4.63732630315e-06
5013,4.63732630315e-06
5076,4.63732630315e-06
5078,2.31866315157e-06
5079,4.63732630315e-06
5082,2.31866315157e-06
5083,4.63732630315e-06
5085,2.31866315157e-06
5086,4.63732630315e-06
5187,4.63732630315e-06
5189,2.31866315157e-06
5190,4.63732630315e-06
5299,2.31866315157e-06
5325,2.31866315157e-06
5359,2.31866315157e-06
5478,2.31866315157e-06
5483,2.31866315157e-06
5484,2.31866315157e-06
5485,2.31866315157e-06
5486,2.31866315157e-06
5487,2.31866315157e-06
5488,2.31866315157e-06
5489,2.31866315157e-06
5491,4.63732630315e-06
5495,2.31866315157e-06
5499,2.31866315157e-06
5519,4.63732630315e-06
5521,2.31866315157e-06
5522,4.63732630315e-06
5533,2.31866315157e-06
5535,6.95598945472e-06
5536,4.63732630315e-06
5554,4.63732630315e-06
5629,2.31866315157e-06
5633,2.31866315157e-06
5636,4.63732630315e-06
5639,2.31866315157e-06
5640,2.31866315157e-06
5693,2.31866315157e-06
5694,2.31866315157e-06
5697,2.31866315157e-06
5706,4.63732630315e-06
5707,2.31866315157e-06
5741,2.31866315157e-06
5748,2.31866315157e-06
5750,6.95598945472e-06
5752,2.31866315157e-06
5755,4.63732630315e-06
5756,4.63732630315e-06
5760,2.31866315157e-06
5769,4.63732630315e-06
5805,4.63732630315e-06
5808,2.31866315157e-06
5810,2.31866315157e-06
5811,4.63732630315e-06
5825,2.31866315157e-06
5896,2.31866315157e-06
5911,2.31866315157e-06
5989,2.31866315157e-06
5990,4.63732630315e-06
5992,2.31866315157e-06
5993,4.63732630315e-06
6007,6.95598945472e-06
6009,2.31866315157e-06
6010,2.31866315157e-06
6011,2.31866315157e-06
6139,2.31866315157e-06
6141,2.31866315157e-06
6143,2.31866315157e-06
6247,2.31866315157e-06
6251,2.31866315157e-06
6265,2.31866315157e-06
6266,2.31866315157e-06
6267,4.63732630315e-06
6269,2.31866315157e-06
6271,2.31866315157e-06
6276,2.31866315157e-06
6277,2.31866315157e-06
6278,2.31866315157e-06
6279,2.31866315157e-06
6280,2.31866315157e-06
6281,2.31866315157e-06
6282,2.31866315157e-06
6284,2.31866315157e-06
6285,2.31866315157e-06
6286,4.63732630315e-06
6294,6.95598945472e-06
6300,9.27465260629e-06
6309,2.31866315157e-06
6311,6.95598945472e-06
6313,2.31866315157e-06
6327,2.31866315157e-06
6392,2.31866315157e-06
6473,4.63732630315e-06
6487,2.31866315157e-06
6490,2.31866315157e-06
6491,2.31866315157e-06
6492,2.31866315157e-06
6538,2.31866315157e-06
6539,2.31866315157e-06
6568,4.63732630315e-06
6570,2.31866315157e-06
6571,4.63732630315e-06
6598,2.31866315157e-06
6605,2.31866315157e-06
6608,4.63732630315e-06
6611,6.95598945472e-06
6613,4.63732630315e-06
6614,4.63732630315e-06
6615,2.31866315157e-06
6617,2.31866315157e-06
6628,2.31866315157e-06
6719,2.31866315157e-06
6734,2.31866315157e-06
6759,2.31866315157e-06
6798,2.31866315157e-05
6799,2.31866315157e-05
6846,2.31866315157e-06
6847,2.31866315157e-06
6850,2.31866315157e-06
6852,9.27465260629e-06
6853,2.31866315157e-06
6929,2.31866315157e-06
6933,2.31866315157e-06
6934,6.95598945472e-06
6936,2.31866315157e-06
6937,4.63732630315e-06
6945,2.31866315157e-06
6995,2.31866315157e-06
7029,2.31866315157e-06
7036,2.31866315157e-06
7037,2.31866315157e-06
7040,2.31866315157e-06
7069,2.31866315157e-06
7073,4.63732630315e-06
7075,4.63732630315e-06
7076,4.63732630315e-06
7097,2.31866315157e-06
7122,2.31866315157e-06
7124,2.31866315157e-06
7130,2.31866315157e-06
7137,2.31866315157e-06
7138,2.31866315157e-06
7145,3.2461284122e-05
7158,2.31866315157e-06
7162,4.63732630315e-06
7163,2.31866315157e-06
7169,2.31866315157e-06
7170,2.31866315157e-06
7171,2.31866315157e-06
7185,2.78239578189e-05
7186,9.27465260629e-06
7188,4.63732630315e-06
7198,2.31866315157e-06
7208,2.31866315157e-06
7209,2.31866315157e-06
7258,2.31866315157e-06
7272,2.31866315157e-06
7278,2.31866315157e-06
7281,4.63732630315e-06
7282,4.63732630315e-06
7285,2.31866315157e-06
7288,2.31866315157e-06
7292,2.31866315157e-06
7298,2.31866315157e-06
7300,2.31866315157e-06
7307,2.31866315157e-06
7315,2.31866315157e-06
7336,2.31866315157e-06
7352,2.31866315157e-06
7380,2.31866315157e-06
7444,2.31866315157e-06
7452,2.31866315157e-06
7460,2.31866315157e-06
7466,2.31866315157e-06
7470,2.31866315157e-06
7542,2.31866315157e-06
7545,2.31866315157e-06
7546,2.31866315157e-06
7551,2.31866315157e-06
7556,2.31866315157e-06
7563,2.31866315157e-06
7566,6.95598945472e-06
7568,2.31866315157e-06
7569,4.63732630315e-06
7584,2.31866315157e-06
7585,4.63732630315e-06
7605,2.31866315157e-06
7614,2.31866315157e-06
7622,2.31866315157e-06
7634,2.31866315157e-06
7635,2.31866315157e-06
7636,4.63732630315e-06
7640,2.31866315157e-06
7664,2.31866315157e-06
7681,2.31866315157e-06
7682,2.31866315157e-06
7684,2.31866315157e-06
7689,2.31866315157e-06
7704,2.31866315157e-06
7709,2.31866315157e-06
7710,2.31866315157e-06
7713,2.31866315157e-06
7762,2.31866315157e-06
7831,2.31866315157e-06
7833,2.31866315157e-06
7836,2.31866315157e-06
7837,2.31866315157e-06
7839,2.31866315157e-06
7840,4.63732630315e-06
7872,4.63732630315e-06
7875,4.63732630315e-06
7893,4.63732630315e-06
7905,2.31866315157e-06
7906,4.63732630315e-06
7983,2.31866315157e-06
7987,4.63732630315e-06
7990,4.63732630315e-06
7994,2.31866315157e-06
7995,2.31866315157e-06
7996,4.63732630315e-06
7997,1.15933157579e-05
7999,2.31866315157e-06
8000,6.95598945472e-06
8001,2.31866315157e-06
8070,6.95598945472e-06
8072,4.63732630315e-06
8073,4.63732630315e-06
8077,4.63732630315e-06
8079,2.31866315157e-06
8080,4.63732630315e-06
8116,2.31866315157e-06
8125,2.31866315157e-06
8127,2.31866315157e-06
8129,2.31866315157e-06
8131,2.31866315157e-06
8140,6.95598945472e-06
8142,2.31866315157e-06
8143,4.63732630315e-06
8192,2.31866315157e-06
8200,2.31866315157e-06
8201,2.31866315157e-06
8204,2.31866315157e-06
8206,4.63732630315e-06
8211,2.31866315157e-06
8213,2.31866315157e-06
8215,6.95598945472e-06
8217,2.31866315157e-06
8218,4.63732630315e-06
8219,2.31866315157e-06
8239,2.31866315157e-06
8269,2.31866315157e-06
8306,2.31866315157e-06
8309,2.31866315157e-06
8316,2.31866315157e-06
8339,2.31866315157e-06
8342,2.31866315157e-06
8352,9.27465260629e-06
8370,2.78239578189e-05
8378,4.63732630315e-06
8383,2.31866315157e-06
8384,4.63732630315e-06
8413,2.31866315157e-06
8423,2.31866315157e-06
8431,2.31866315157e-06
8440,2.31866315157e-06
8480,2.31866315157e-06
8492,2.31866315157e-06
8493,2.31866315157e-06
8499,2.31866315157e-06
8506,2.31866315157e-06
8507,2.31866315157e-06
8508,2.31866315157e-06
8512,2.31866315157e-06
8519,4.63732630315e-06
8609,2.31866315157e-06
8611,2.31866315157e-06
8613,2.31866315157e-06
8614,2.31866315157e-06
8619,4.63732630315e-06
8640,6.95598945472e-06
8642,2.31866315157e-06
8643,4.63732630315e-06
8644,2.31866315157e-06
8648,4.63732630315e-06
8650,2.31866315157e-06
8651,4.63732630315e-06
8655,2.31866315157e-06
8656,2.31866315157e-06
8659,2.31866315157e-06
8665,2.31866315157e-06
8667,4.63732630315e-06
8695,2.31866315157e-06
8696,9.27465260629e-06
8697,2.31866315157e-06
8701,2.31866315157e-06
8708,2.31866315157e-06
8720,2.31866315157e-06
8726,2.31866315157e-06
8746,2.31866315157e-06
8784,2.31866315157e-06
8792,2.31866315157e-06
8798,4.63732630315e-06
8800,2.31866315157e-06
8801,4.63732630315e-06
8816,2.31866315157e-06
8836,2.31866315157e-06
8859,2.31866315157e-06
8860,2.31866315157e-06
8861,4.63732630315e-06
8863,2.31866315157e-06
8864,4.63732630315e-06
8884,2.31866315157e-06
8885,4.63732630315e-06
8887,2.31866315157e-06
8888,4.63732630315e-06
8945,2.31866315157e-06
8948,2.31866315157e-06
8951,6.95598945472e-06
8953,2.31866315157e-06
8954,4.63732630315e-06
8992,4.63732630315e-06
9040,4.63732630315e-06
9042,2.31866315157e-06
9073,4.63732630315e-06
9075,2.31866315157e-06
9076,4.63732630315e-06
9085,2.31866315157e-06
9087,2.31866315157e-06
9090,6.95598945472e-06
9102,2.31866315157e-06
9106,2.31866315157e-06
9109,6.95598945472e-06
9111,4.63732630315e-06
9112,4.63732630315e-06
9158,2.31866315157e-06
9159,2.31866315157e-06
9160,2.31866315157e-06
9166,6.95598945472e-06
9168,2.31866315157e-06
9169,4.63732630315e-06
9252,2.31866315157e-06
9283,4.63732630315e-06
9284,2.31866315157e-06
9310,2.31866315157e-06
9312,2.31866315157e-06
9320,6.95598945472e-06
9322,6.95598945472e-06
9323,4.63732630315e-06
9324,2.31866315157e-06
9325,4.63732630315e-06
9326,2.31866315157e-06
9336,2.31866315157e-06
9363,2.31866315157e-06
9366,2.31866315157e-06
9368,2.31866315157e-06
9369,2.31866315157e-06
9372,2.31866315157e-06
9374,2.31866315157e-06
9382,2.31866315157e-06
9384,2.31866315157e-06
9401,2.31866315157e-06
9405,2.31866315157e-06
9406,2.31866315157e-06
9407,2.31866315157e-06
9408,2.31866315157e-06
9409,4.63732630315e-06
9410,2.31866315157e-06
9424,4.63732630315e-06
9426,2.31866315157e-06
9427,4.63732630315e-06
9444,2.31866315157e-06
9461,2.31866315157e-06
9462,4.63732630315e-06
9464,2.31866315157e-06
9465,4.63732630315e-06
9467,2.31866315157e-06
9469,2.31866315157e-06
9483,2.31866315157e-06
9495,2.31866315157e-06
9499,2.31866315157e-06
9509,2.31866315157e-06
9510,4.63732630315e-06
9512,2.31866315157e-06
9513,4.63732630315e-06
9556,4.63732630315e-06
9574,2.31866315157e-06
9580,2.31866315157e-06
9663,2.31866315157e-06
9666,2.31866315157e-06
9667,4.63732630315e-06
9669,2.31866315157e-06
9670,4.63732630315e-06
9681,2.31866315157e-06
9759,2.31866315157e-06
9778,2.31866315157e-06
9795,2.31866315157e-06
9801,2.31866315157e-06
9849,2.31866315157e-06
9852,4.63732630315e-06
9853,4.63732630315e-06
9857,2.31866315157e-06
9862,4.63732630315e-06
9863,2.31866315157e-06
9864,2.31866315157e-06
9877,2.31866315157e-06
9884,2.31866315157e-06
9885,2.31866315157e-06
9886,2.31866315157e-06
9887,4.63732630315e-06
9888,2.31866315157e-06
9889,2.31866315157e-06
9890,2.31866315157e-06
9893,9.27465260629e-06
9895,2.08679683642e-05
9900,9.27465260629e-06
9901,2.31866315157e-06
9903,2.31866315157e-06
9934,6.95598945472e-06
9935,2.31866315157e-06
9943,6.95598945472e-06
9944,9.27465260629e-06
9945,2.31866315157e-06
9947,2.31866315157e-06
9948,2.31866315157e-06
9949,2.31866315157e-06
9950,2.31866315157e-06
9951,2.31866315157e-06
9952,2.31866315157e-06
9953,9.27465260629e-06
9954,2.31866315157e-06
9961,4.63732630315e-06
9963,1.15933157579e-05
9993,2.31866315157e-06
9995,2.31866315157e-06
10012,2.31866315157e-06
10015,6.95598945472e-06
10017,2.31866315157e-06
10018,4.63732630315e-06
10024,2.31866315157e-06
10037,2.31866315157e-06
10040,2.31866315157e-06
10041,2.31866315157e-06
10042,2.31866315157e-06
10043,2.31866315157e-06
10044,2.31866315157e-06
10045,2.31866315157e-06
10046,2.31866315157e-06
10049,2.31866315157e-06
10051,4.63732630315e-06
10053,2.31866315157e-06
10054,2.31866315157e-06
10060,2.31866315157e-06
10082,2.31866315157e-06
10084,2.31866315157e-06
10085,2.31866315157e-06
10086,2.31866315157e-06
10349,4.63732630315e-06
10398,9.27465260629e-06
10399,2.31866315157e-06
10400,4.63732630315e-06
10401,4.63732630315e-06
10516,4.63732630315e-06
10517,2.31866315157e-06
10518,2.31866315157e-06
10519,2.31866315157e-06
10521,2.31866315157e-06
10522,2.31866315157e-06
10523,2.31866315157e-06
10524,2.31866315157e-06
10525,2.31866315157e-06
10526,2.31866315157e-06
10527,2.31866315157e-06
10545,2.31866315157e-06
10563,2.31866315157e-06
10677,2.31866315157e-06
10679,2.31866315157e-06
10680,2.31866315157e-06
10681,2.31866315157e-06
10682,2.31866315157e-06
10683,2.31866315157e-06
10684,2.31866315157e-06
10685,2.31866315157e-06
10688,6.95598945472e-06
10719,2.31866315157e-06
10791,2.31866315157e-06
10846,2.31866315157e-06
10907,2.31866315157e-06
10922,2.31866315157e-06
10935,2.31866315157e-06
10972,2.31866315157e-06
10990,2.31866315157e-06
10993,2.31866315157e-06
10994,2.31866315157e-06
11003,4.63732630315e-06
11005,2.31866315157e-06
11006,4.63732630315e-06
11012,6.95598945472e-06
11014,2.31866315157e-06
11015,4.63732630315e-06
11016,2.31866315157e-06
11018,2.31866315157e-06
11019,2.31866315157e-06
11024,4.63732630315e-06
11031,2.31866315157e-06
11032,4.63732630315e-06
11034,2.31866315157e-06
11035,4.63732630315e-06
11045,2.31866315157e-06
11046,2.31866315157e-06
11047,2.31866315157e-06
11048,4.63732630315e-06
11053,2.31866315157e-06
11071,2.31866315157e-06
11085,2.31866315157e-06
11094,2.31866315157e-06
11095,2.31866315157e-06
11096,2.31866315157e-06
11097,2.31866315157e-06
11098,2.31866315157e-06
11099,4.63732630315e-06
11100,6.95598945472e-06
11101,2.31866315157e-06
11103,2.31866315157e-06
11112,2.31866315157e-06
11114,2.31866315157e-06
11120,2.31866315157e-06
11125,2.31866315157e-06
11126,2.31866315157e-06
11128,2.31866315157e-06
11129,2.31866315157e-06
11130,2.31866315157e-06
11133,2.31866315157e-06
11136,2.31866315157e-06
11140,4.63732630315e-06
11142,2.31866315157e-06
11143,4.63732630315e-06
11145,6.95598945472e-06
11146,2.31866315157e-06
11151,2.31866315157e-06
11157,6.95598945472e-06
11158,4.63732630315e-06
11159,2.31866315157e-06
11160,6.95598945472e-06
11163,2.31866315157e-06
11166,2.31866315157e-06
11169,2.31866315157e-06
11174,4.63732630315e-06
11177,2.31866315157e-06
11186,2.31866315157e-06
11187,2.31866315157e-06
11190,2.31866315157e-06
11193,2.31866315157e-06
11196,9.27465260629e-06
11197,2.31866315157e-06
11198,4.63732630315e-06
11199,6.95598945472e-06
11200,2.31866315157e-06
11201,2.31866315157e-06
11203,2.31866315157e-06
11204,2.31866315157e-06
11220,2.31866315157e-06
11223,2.31866315157e-06
11224,1.15933157579e-05
11225,9.27465260629e-06
11226,6.95598945472e-06
11227,6.95598945472e-05
11231,2.31866315157e-06
11232,0.000159987757459
11254,4.63732630315e-06
11255,2.31866315157e-06
11257,2.31866315157e-06
11259,2.31866315157e-06
11262,2.31866315157e-06
11264,2.31866315157e-06
11267,2.31866315157e-06
11288,4.63732630315e-06
11290,2.31866315157e-06
11291,4.63732630315e-06
11297,2.31866315157e-06
11298,4.63732630315e-06
11314,4.63732630315e-06
11327,4.63732630315e-06
11328,2.31866315157e-06
11332,2.31866315157e-06
11354,2.31866315157e-06
11360,2.31866315157e-06
11393,2.31866315157e-06
11408,2.31866315157e-06
11412,2.31866315157e-06
11445,4.63732630315e-06
11447,2.31866315157e-06
11448,4.63732630315e-06
11495,2.31866315157e-06
11525,2.31866315157e-06
11579,2.31866315157e-06
11590,2.31866315157e-06
11594,6.95598945472e-06
11596,2.31866315157e-06
11597,6.95598945472e-06
11601,6.95598945472e-06
11603,2.31866315157e-06
11604,4.63732630315e-06
11606,2.31866315157e-06
11628,4.63732630315e-06
11629,4.63732630315e-06
11630,2.31866315157e-06
11684,2.31866315157e-06
11701,2.31866315157e-06
11703,2.31866315157e-06
11713,2.31866315157e-06
11718,2.31866315157e-06
11722,2.31866315157e-06
11734,2.31866315157e-06
11735,4.63732630315e-06
11738,2.31866315157e-06
11739,2.31866315157e-06
11740,2.31866315157e-06
11741,2.31866315157e-06
11753,2.31866315157e-06
11755,2.31866315157e-06
11759,2.31866315157e-06
11762,4.63732630315e-06
11765,2.31866315157e-06
11767,2.31866315157e-06
11768,2.31866315157e-06
11769,2.31866315157e-06
11771,2.31866315157e-06
11772,2.31866315157e-06
11774,2.31866315157e-06
11805,4.63732630315e-06
11806,2.31866315157e-06
11839,2.31866315157e-06
11840,2.31866315157e-06
11910,2.31866315157e-06
11933,2.31866315157e-06
11937,2.31866315157e-06
11938,4.63732630315e-06
11940,2.31866315157e-06
11941,4.63732630315e-06
11955,2.31866315157e-06
11956,2.31866315157e-06
11957,2.31866315157e-06
11958,2.31866315157e-06
11959,2.31866315157e-06
11960,2.31866315157e-06
11961,2.31866315157e-06
11962,9.27465260629e-06
12020,2.31866315157e-06
12024,6.95598945472e-06
12026,2.31866315157e-06
12027,4.63732630315e-06
12030,2.31866315157e-06
12037,4.63732630315e-06
12038,4.63732630315e-06
12039,2.31866315157e-06
12040,2.31866315157e-06
12041,4.63732630315e-06
12089,2.31866315157e-06
12091,2.31866315157e-06
12137,2.31866315157e-06
12140,2.31866315157e-06
12143,1.15933157579e-05
12145,4.63732630315e-06
12146,9.27465260629e-06
12221,4.63732630315e-06
12223,2.31866315157e-06
12224,4.63732630315e-06
12385,2.31866315157e-06
12390,4.63732630315e-06
12392,2.31866315157e-06
12409,4.63732630315e-06
12410,2.31866315157e-06
12422,2.31866315157e-06
12423,2.31866315157e-06
12424,2.31866315157e-06
12429,4.63732630315e-06
12450,2.31866315157e-06
12457,2.31866315157e-06
12460,2.31866315157e-06
12461,4.63732630315e-06
12463,2.31866315157e-06
12464,4.63732630315e-06
12478,4.63732630315e-06
12480,2.31866315157e-06
12492,2.31866315157e-06
12501,2.31866315157e-06
12503,2.31866315157e-06
12505,2.31866315157e-06
12507,2.31866315157e-06
12554,2.31866315157e-06
12604,2.31866315157e-06
12760,2.31866315157e-06
12768,6.95598945472e-06
12769,4.63732630315e-06
12777,2.31866315157e-06
12780,2.31866315157e-06
12783,4.63732630315e-06
12832,2.31866315157e-06
12834,4.63732630315e-06
12853,2.31866315157e-06
12862,2.31866315157e-06
12864,2.31866315157e-06
12898,2.31866315157e-06
13013,2.31866315157e-06
13075,2.31866315157e-06
13126,4.63732630315e-06
13147,2.31866315157e-06
13179,2.31866315157e-06
13184,2.31866315157e-06
13223,4.63732630315e-06
13225,4.63732630315e-06
13226,4.63732630315e-06
13261,2.31866315157e-06
13264,6.95598945472e-06
13266,2.31866315157e-06
13267,4.63732630315e-06
13302,2.31866315157e-06
13306,2.31866315157e-06
13307,4.63732630315e-06
13309,2.31866315157e-06
13310,4.63732630315e-06
13409,2.31866315157e-06
13410,2.31866315157e-06
13411,2.31866315157e-06
13412,6.95598945472e-06
13414,2.31866315157e-06
13416,2.31866315157e-06
13425,2.31866315157e-06
13443,4.63732630315e-06
13445,2.31866315157e-06
13528,2.31866315157e-06
13529,2.31866315157e-06
13530,2.31866315157e-06
13531,2.31866315157e-06
13532,2.31866315157e-06
13533,2.31866315157e-06
13534,2.31866315157e-06
13541,2.31866315157e-06
13542,2.31866315157e-06
13550,2.31866315157e-06
13559,2.31866315157e-06
13560,2.31866315157e-06
13561,2.31866315157e-06
13562,2.31866315157e-06
13564,2.31866315157e-06
13566,2.31866315157e-06
13567,2.31866315157e-06
13604,2.31866315157e-06
13618,2.31866315157e-06
13620,2.31866315157e-06
13633,2.31866315157e-06
13634,2.31866315157e-06
13637,2.31866315157e-06
13641,6.95598945472e-06
13642,2.31866315157e-05
13646,6.95598945472e-06
13647,2.31866315157e-06
13650,2.31866315157e-06
13654,2.31866315157e-06
13659,2.31866315157e-06
13666,4.63732630315e-06
13677,2.31866315157e-06
13697,2.31866315157e-06
13699,2.31866315157e-06
13707,2.31866315157e-06
13710,2.31866315157e-06
13713,2.31866315157e-06
13716,2.31866315157e-06
13719,2.31866315157e-06
13722,2.31866315157e-06
13804,2.31866315157e-06
13833,2.31866315157e-06
13836,2.31866315157e-06
13838,2.31866315157e-06
13839,2.31866315157e-06
13840,2.31866315157e-06
13841,2.31866315157e-06
13842,2.31866315157e-06
13844,2.31866315157e-06
13845,2.31866315157e-06
13846,2.31866315157e-06
13861,2.31866315157e-06
13913,2.31866315157e-06
13915,2.31866315157e-06
13929,2.31866315157e-06
13959,2.31866315157e-06
13961,2.31866315157e-06
14006,2.31866315157e-06
14029,2.31866315157e-06
14078,2.31866315157e-06
14123,2.31866315157e-06
14125,2.31866315157e-06
14157,2.78239578189e-05
14238,2.31866315157e-06
14242,2.31866315157e-06
14244,2.31866315157e-06
14263,2.31866315157e-06
14264,2.31866315157e-06
14265,2.31866315157e-06
14271,2.31866315157e-06
14273,6.95598945472e-06
14274,2.31866315157e-06
14296,2.31866315157e-06
14300,2.31866315157e-06
14316,2.31866315157e-06
14366,2.31866315157e-06
14370,2.31866315157e-06
14373,2.31866315157e-06
14392,2.31866315157e-06
14393,2.31866315157e-06
14394,2.31866315157e-06
14395,2.31866315157e-06
14396,2.31866315157e-06
14397,2.31866315157e-06
14398,2.31866315157e-06
14399,2.31866315157e-06
14400,2.31866315157e-06
14401,2.31866315157e-06
14402,2.31866315157e-06
14403,2.31866315157e-06
14404,2.31866315157e-06
14405,2.31866315157e-06
14406,2.31866315157e-06
14408,4.63732630315e-06
14409,4.17359367283e-05
14411,2.31866315157e-06
14419,4.63732630315e-06
14427,4.63732630315e-06
14433,2.31866315157e-06
14501,2.31866315157e-06
14515,2.31866315157e-06
14604,9.27465260629e-06
14605,4.63732630315e-06
14606,2.31866315157e-06
14611,2.31866315157e-06
14613,2.31866315157e-06
14619,9.27465260629e-06
14621,2.31866315157e-06
14663,2.31866315157e-06
14680,2.31866315157e-06
14684,2.31866315157e-06
14687,2.31866315157e-06
14695,2.31866315157e-06
14696,2.31866315157e-06
14704,3.70986104252e-05
14705,2.31866315157e-06
14727,2.31866315157e-06
14899,2.31866315157e-06
14904,2.31866315157e-06
14911,2.31866315157e-06
15115,2.31866315157e-06
15284,2.31866315157e-06
15305,2.31866315157e-06
15307,2.31866315157e-06
15310,2.31866315157e-06
15640,2.31866315157e-06
16064,2.31866315157e-06
16612,2.31866315157e-06
16614,2.31866315157e-06
16653,2.31866315157e-06
16683,2.31866315157e-06
16685,2.31866315157e-06
17001,2.31866315157e-06
17355,2.31866315157e-06
17357,2.31866315157e-06
18408,2.31866315157e-06
18819,2.31866315157e-06
19140,2.31866315157e-06
19229,2.31866315157e-06
19242,2.31866315157e-06
19260,2.31866315157e-06
19261,2.31866315157e-06
19283,6.95598945472e-06
19375,2.31866315157e-06
19656,6.95598945472e-06
19657,4.63732630315e-06
19661,2.31866315157e-06
19662,2.31866315157e-06
19663,4.63732630315e-06
19664,4.63732630315e-06
19695,2.31866315157e-06
19735,2.31866315157e-06
19796,2.31866315157e-06
19945,2.31866315157e-06
19949,2.31866315157e-06
19952,2.31866315157e-06
20056,2.31866315157e-06
20069,2.31866315157e-06
20138,2.31866315157e-06
20200,2.31866315157e-06
20212,2.31866315157e-06
20226,2.31866315157e-06
20229,2.31866315157e-06
20231,2.31866315157e-06
20259,2.31866315157e-06
20273,4.63732630315e-06
20278,7.41972208503e-05
20279,8.81091997598e-05
20280,3.2461284122e-05
20304,9.27465260629e-06
20306,8.81091997598e-05
20334,2.31866315157e-06
20551,2.31866315157e-06
20552,2.31866315157e-06
20553,2.31866315157e-06
20554,2.31866315157e-06
20558,2.31866315157e-06
20560,2.31866315157e-06
20561,2.31866315157e-06
20603,2.31866315157e-06
20609,2.31866315157e-06
20625,2.31866315157e-06
20645,2.31866315157e-06
20647,2.31866315157e-06
20648,2.31866315157e-06
20940,2.31866315157e-06
20945,2.31866315157e-06
20951,2.31866315157e-06
20953,2.31866315157e-06
20961,2.31866315157e-06
21009,2.31866315157e-06
21010,2.31866315157e-06
21013,2.31866315157e-06
21015,2.31866315157e-06
21089,2.31866315157e-06
21092,2.31866315157e-06
21112,4.63732630315e-06
21115,4.63732630315e-06
21117,2.31866315157e-06
21121,2.31866315157e-06
21125,2.31866315157e-06
21127,2.31866315157e-06
21128,4.63732630315e-06
21131,2.31866315157e-06
21132,9.27465260629e-06
21137,2.31866315157e-06
21139,1.39119789094e-05
21140,2.31866315157e-06
21141,4.63732630315e-06
21142,4.63732630315e-06
21166,2.31866315157e-06
21199,2.31866315157e-06
21200,2.31866315157e-06
21224,2.31866315157e-06
21236,2.31866315157e-06
21240,2.31866315157e-06
21244,2.31866315157e-06
21256,2.31866315157e-06
21262,2.31866315157e-06
21387,2.31866315157e-06
21388,4.63732630315e-06
21390,2.31866315157e-06
21395,2.31866315157e-06
21397,2.31866315157e-06
21434,2.31866315157e-06
21435,2.31866315157e-06
21436,2.31866315157e-06
21437,2.31866315157e-06
21455,4.63732630315e-06
21461,2.31866315157e-06
21466,2.31866315157e-06
21468,2.31866315157e-06
21469,4.63732630315e-06
21473,2.31866315157e-06
21475,2.31866315157e-06
21478,2.31866315157e-06
21484,4.63732630315e-06
21485,2.31866315157e-06
21496,2.31866315157e-06
21500,4.63732630315e-06
21509,2.31866315157e-06
21513,2.31866315157e-06
21520,4.63732630315e-06
21521,2.31866315157e-06
21530,2.31866315157e-06
21538,2.31866315157e-06
21540,2.31866315157e-06
21551,2.31866315157e-06
21585,2.31866315157e-06
21589,2.31866315157e-06
21596,2.31866315157e-06
21597,4.63732630315e-06
21605,4.63732630315e-06
21606,2.31866315157e-06
21608,2.31866315157e-06
21628,2.31866315157e-06
21629,2.31866315157e-06
21630,2.31866315157e-06
21631,2.31866315157e-06
21634,2.31866315157e-06
21639,2.31866315157e-06
21640,2.31866315157e-06
21641,2.31866315157e-06
21655,2.31866315157e-06
21660,2.31866315157e-06
21666,2.31866315157e-06
21667,2.31866315157e-06
21669,2.31866315157e-06
21682,2.31866315157e-06
21693,2.31866315157e-06
21695,2.31866315157e-06
21733,2.31866315157e-06
21753,2.31866315157e-06
21757,2.31866315157e-06
21766,2.31866315157e-06
21774,2.31866315157e-06
21775,6.95598945472e-06
21778,2.31866315157e-06
21779,4.63732630315e-06
21781,2.31866315157e-06
21788,2.31866315157e-06
21837,2.31866315157e-06
21871,2.31866315157e-06
21883,2.31866315157e-06
21886,2.31866315157e-06
21918,2.31866315157e-06
21934,4.63732630315e-06
21944,2.31866315157e-06
21945,2.31866315157e-06
22152,2.31866315157e-06
22153,2.31866315157e-06
22400,2.31866315157e-06
22401,2.31866315157e-06
22407,2.31866315157e-06
22416,2.31866315157e-06
